OD size: 23
obj: person 0.671889 -0.310192 -0.0340112 2.04233 0.489039 0.816187 0.381655 
obj: chair 0.591348 0.0858712 -0.116686 0.508142 0 0 0 
obj: chair 0.365062 -0.461309 0.165686 0.509554 0.128297 0.0930289 0.020815 
obj: person 0.351151 0.23558 0.182616 2.25997 0.218626 0.707669 0.108305 
obj: chair 0.573097 -0.080324 0.120661 2.01022 0.639406 0.890278 0.244723 
obj: chair 0.552187 -0.186465 0.7195 2.75782 0.423815 0.0357919 0.519593 
obj: person 0.56175 0.0898438 -0.119618 0.531651 0 0 0 
obj: chair 0.691274 0.557796 -0.155782 1.79255 0 0 0 
obj: chair 0.533649 0.706801 0.022551 5.03349 0.265544 0.511452 0.120286 
obj: chair 0.731234 -0.479773 0.124178 5.37027 0.433579 0.547112 0.290985 
obj: diningtable 0.722769 0.738556 -0.163642 3.40949 0 0 0 
obj: chair 0.736098 -1.81749 0.160456 5.28695 0.300057 0.498395 0.346702 
obj: chair 0.446191 0.378632 -0.172011 4.34437 0 0 0 
obj: chair 0.872416 -3.8883 0.131581 4.69845 0.347914 0.380849 0.394494 
obj: chair 0.634565 -3.22152 0.106954 5.17929 0.428757 0.52163 0.416474 
obj: chair 0.888276 -1.63718 -0.165801 4.61763 0 0 0 
obj: person 0.364975 -3.87204 -0.0881602 4.71621 0.26017 0.294806 0.306262 
obj: chair 0.938577 -2.43863 -0.153258 4.60498 0 0 0 
obj: chair 0.768321 -4.29149 0.103815 3.71446 0.268151 0.573497 0.458672 
obj: person 0.849874 -4.57794 -0.108316 3.76965 0.549993 0.553382 0.414387 
obj: person 0.965199 -4.60793 0.122382 2.63258 0.526628 0.877835 0.418142 
obj: chair 0.766173 -4.26974 0.168829 2.576 0.123666 0.49846 0.202147 
obj: person 0.365308 -4.66522 0.667443 2.14066 0.598924 0.250944 0.191512
