1341846313.592026 0.000000000 0.000000000 0.000000000 0.000000000 0.000000000 0.000000000 1.000000000
1341846313.654184 0.010474330 -0.001946591 -0.002475799 -0.001236307 -0.003807735 0.005745025 0.999975502
1341846313.686156 0.015700791 0.000903568 -0.003112990 0.000390270 -0.005662399 0.004942881 0.999971688
1341846313.721918 0.021135043 0.004167343 -0.005724519 0.000672103 -0.006747594 0.006031301 0.999958813
1341846313.753994 0.026260760 0.002833790 -0.001283412 -0.000012148 -0.007170950 0.007202686 0.999948323
1341846313.789969 0.015157297 0.005290297 -0.017642239 0.002126418 -0.004745084 0.002570154 0.999983191
1341846313.822075 0.013825026 0.007584181 -0.015024425 0.002415017 -0.002530486 0.000656495 0.999993682
1341846313.853928 0.007502273 0.010754419 -0.013086134 0.002472530 0.001919415 -0.000607905 0.999994934
1341846313.890011 0.000710869 0.001511363 -0.009507325 -0.000038441 0.005610490 0.000514084 0.999984145
1341846313.922055 -0.017436752 0.002576189 -0.012745630 -0.002089303 0.010167756 0.000954977 0.999945641
1341846313.957927 -0.055762872 0.017172651 -0.021712948 -0.001030937 0.022488626 0.000003430 0.999746561
1341846313.990058 -0.079233974 0.018230457 -0.020515947 -0.001842236 0.033046801 0.000633914 0.999451935
1341846314.022042 -0.101245217 0.022059150 -0.018790236 -0.003811839 0.039220709 0.002074197 0.999221146
1341846314.057816 -0.106995501 0.020678310 -0.001256604 -0.007756759 0.044502273 0.001612330 0.998977900
1341846314.089801 -0.124245718 0.021435915 0.002239805 -0.006503590 0.053486809 0.001354898 0.998546481
1341846314.122037 -0.137078598 0.016763132 0.004584551 -0.009045044 0.059863213 0.004422434 0.998155832
1341846314.157989 -0.148050517 0.025161259 0.014704795 -0.009324457 0.066405073 0.002290530 0.997746527
1341846314.190094 -0.181081057 0.032024574 0.007140858 -0.008069656 0.075893484 0.003522596 0.997077048
1341846314.225969 -0.194337308 0.037310448 0.004967188 -0.009822535 0.080515668 0.005752672 0.996688366
1341846314.257923 -0.187971890 0.042111620 0.017447749 -0.010543351 0.082445465 0.005600087 0.996524096
1341846314.290052 -0.199356556 0.053131267 0.013837539 -0.007160740 0.086536862 0.003585660 0.996216476
1341846314.325981 -0.232170075 0.060931504 0.008461516 -0.007490855 0.094289280 0.003269362 0.995511293
1341846314.357905 -0.229255110 0.062456869 0.017429860 -0.007985080 0.097949117 0.002226564 0.995156884
1341846314.389899 -0.227648020 0.065140508 0.017780945 -0.005828578 0.100971192 0.001390225 0.994871318
1341846314.427905 -0.233101368 0.073169403 0.013604432 -0.004940527 0.104795739 -0.001202359 0.994480789
1341846314.493987 -0.303661942 0.092460223 0.039924596 -0.000620966 0.128935114 -0.009507240 0.991607249
1341846314.526085 -0.319882125 0.097694032 0.031261399 0.000038961 0.134368747 -0.011538940 0.990864217
1341846314.558292 -0.311660767 0.095555894 0.031536832 -0.001455212 0.136730254 -0.010750769 0.990548909
1341846314.594085 -0.305866867 0.098900534 0.036183372 0.000975507 0.141768023 -0.011423021 0.989833534
1341846314.626096 -0.314472973 0.089649536 0.026054025 -0.000698971 0.147354573 -0.008640166 0.989045739
1341846314.658455 -0.307650059 0.097428925 0.024987839 -0.001836370 0.149131745 -0.011875123 0.988744318
1341846314.694004 -0.296635211 0.096865863 0.026290014 -0.000721667 0.152226120 -0.011917726 0.988273561
1341846314.725910 -0.292198747 0.093321040 0.026178792 0.003940361 0.154946819 -0.007136232 0.987889171
1341846314.761942 -0.300330520 0.104270101 0.028643683 0.009496713 0.157319322 -0.004487718 0.987491906
1341846314.794030 -0.305316418 0.113983408 0.027183384 0.014072371 0.161598250 -0.005038826 0.986743450
1341846314.826092 -0.320172399 0.114544868 0.018093005 0.016259106 0.169266254 -0.003678565 0.985429347
1341846314.862145 -0.318282604 0.130851701 0.010192111 0.019450044 0.172298282 -0.004657405 0.984841764
1341846314.894072 -0.326411188 0.134114146 0.005177654 0.020138666 0.178058997 -0.002424126 0.983810723
1341846314.925969 -0.322911799 0.130436555 0.004538216 0.019931974 0.180861428 0.001098327 0.983305991
1341846314.961937 -0.368447274 0.112988882 0.009892039 0.012636404 0.189562663 0.009864193 0.981737792
1341846314.994564 -0.375186592 0.130138069 0.008480564 0.012641571 0.192132130 0.007700224 0.981257439
1341846315.029900 -0.330027044 0.126474977 0.019069299 0.011297982 0.190300286 0.005625305 0.981644809
1341846315.061965 -0.382223904 0.157974392 0.008279517 0.017513011 0.200285226 0.006424910 0.979560018
1341846315.094388 -0.390791565 0.172844365 0.006412581 0.020416133 0.201084018 0.005804150 0.979344010
1341846315.129851 -0.394761533 0.202677533 0.008356571 0.027553134 0.203190938 0.003386505 0.978745520
1341846315.161941 -0.461675614 0.188443333 -0.003337994 0.020728061 0.214248270 0.010924805 0.976498187
1341846315.197984 -0.466872245 0.209814534 0.000273690 0.017955152 0.213847384 0.006508963 0.976680338
1341846315.230076 -0.444946885 0.209767252 0.000684410 0.013544159 0.210091338 0.002331673 0.977585196
1341846315.262069 -0.438125312 0.184525967 -0.000964820 0.006364185 0.206558749 0.007881312 0.978381753
1341846315.298000 -0.458388060 0.242136076 -0.006774262 0.015741823 0.206687093 0.006266153 0.978260398
1341846315.329931 -0.466273069 0.265144795 -0.004947126 0.024272243 0.207317308 0.005290835 0.977958262
1341846315.361981 -0.480426848 0.268853694 -0.009259626 0.029845582 0.209071606 0.007483626 0.977416098
1341846315.397962 -0.496174544 0.286528498 -0.003486693 0.035854682 0.212484270 0.009652219 0.976458728
1341846315.429923 -0.504942536 0.301345319 0.000298336 0.041387849 0.216557086 0.009798561 0.975343049
1341846315.466047 -0.522245407 0.314477265 0.003495872 0.044607528 0.224458933 0.009649143 0.973414242
1341846315.497883 -0.560850382 0.310488731 0.007601202 0.044008810 0.233404726 0.016741211 0.971238971
1341846315.530008 -0.577805579 0.315005809 0.014718175 0.045228824 0.238312840 0.018180352 0.969964325
1341846315.566108 -0.592605710 0.309465945 0.016555250 0.043342475 0.242470920 0.019699857 0.968989789
1341846315.597986 -0.580880046 0.326555192 0.016227961 0.046101902 0.241668180 0.017113339 0.969112098
1341846315.630109 -0.601257384 0.337851912 0.023211479 0.048250295 0.246736214 0.015756939 0.967752457
1341846315.666042 -0.607550383 0.335674822 0.020107836 0.046682391 0.249441117 0.016255273 0.967127502
1341846315.698114 -0.626630604 0.344143867 0.027555406 0.040818464 0.256710023 0.012079493 0.965550542
1341846315.733985 -0.610639751 0.327653110 0.035919517 0.037124053 0.256855816 0.015695048 0.965608895
1341846315.766041 -0.598004580 0.321023256 0.022507936 0.036145918 0.251354635 0.017052921 0.967069566
1341846315.798188 -0.568110347 0.311470985 0.016464055 0.032895003 0.245515272 0.016733671 0.968689919
1341846315.834140 -0.553388834 0.316324919 0.018567994 0.036197327 0.245838091 0.016221337 0.968498945
1341846315.866751 -0.562084794 0.322299153 0.017888010 0.039562616 0.248102427 0.015171291 0.967806697
1341846315.898492 -0.557579398 0.317958415 0.011700168 0.039754290 0.247186884 0.015354297 0.968030214
1341846315.936901 -0.541308224 0.311760813 0.012531996 0.041819457 0.245692983 0.014714153 0.968333423
1341846315.966572 -0.540196061 0.316010773 0.010642365 0.046180412 0.245838031 0.013327427 0.968118489
1341846316.034204 -0.547124028 0.312703848 -0.002370656 0.048812836 0.244820729 0.012758895 0.968254805
1341846316.066113 -0.539961815 0.308927059 -0.005772114 0.050815824 0.242298752 0.012721830 0.968786478
1341846316.101867 -0.538428903 0.304384947 -0.007078081 0.050994493 0.239560753 0.013973324 0.969440520
1341846316.134066 -0.558733165 0.297517508 -0.001353949 0.048342656 0.239007220 0.011453240 0.969746053
1341846316.202049 -0.535313547 0.277168989 0.003365412 0.045036923 0.228784814 0.008578849 0.972396851
1341846316.233979 -0.522300422 0.274418324 0.003534526 0.044115778 0.224909261 0.007545461 0.973351300
1341846316.270052 -0.504873812 0.286337793 0.000209242 0.044590890 0.222358435 0.004509197 0.973934293
1341846316.301915 -0.494936526 0.275469035 0.004103333 0.043622427 0.221014842 0.003382300 0.974288523
1341846316.334208 -0.519403875 0.261489421 0.007129192 0.043568842 0.223798588 0.006030665 0.973642409
1341846316.370006 -0.514457464 0.256004304 0.010953754 0.044599988 0.220951095 0.007230012 0.974237740
1341846316.401994 -0.522947550 0.241038412 0.017475352 0.043830059 0.220913425 0.009394001 0.974262774
1341846316.438069 -0.523400724 0.200362831 0.002989531 0.040848065 0.219221726 0.013205185 0.974730194
1341846316.470076 -0.508397043 0.199676707 0.005380020 0.045854270 0.215101629 0.016338194 0.975377738
1341846316.502034 -0.467409849 0.194873407 -0.012332693 0.045287415 0.203374311 0.016665505 0.977911174
1341846316.537975 -0.426271558 0.209086552 -0.033587843 0.044266012 0.192043215 0.016889790 0.980242133
1341846316.570121 -0.399446189 0.200743198 -0.026427522 0.042944655 0.187076524 0.013159712 0.981317997
1341846316.601885 -0.374688208 0.207866520 -0.021943748 0.046367284 0.182059422 0.012421841 0.982115149
1341846316.638009 -0.344377726 0.210688442 -0.016319633 0.049555235 0.174602777 0.011884347 0.983319342
1341846316.669925 -0.315318823 0.199684545 -0.022763871 0.049780611 0.168015346 0.012270616 0.984450161
1341846316.705941 -0.301821530 0.196336702 -0.013652556 0.053884640 0.164901242 0.012876211 0.984752834
1341846316.738062 -0.280864686 0.195049182 -0.029155448 0.055489324 0.159484461 0.014567985 0.985532045
1341846316.770433 -0.263169289 0.193299696 -0.030110531 0.053922709 0.154489502 0.014657927 0.986412942
1341846316.805932 -0.250311375 0.192944571 -0.024660230 0.054984167 0.151692867 0.013017452 0.986811280
1341846316.838029 -0.227722794 0.182830840 -0.027073242 0.054171469 0.144318029 0.014890048 0.987935245
1341846316.870034 -0.210705459 0.177839503 -0.021300256 0.054600306 0.137767419 0.016018337 0.988828778
1341846316.906344 -0.210905179 0.166101381 -0.017932542 0.053204264 0.133797631 0.016460793 0.989442527
1341846316.937940 -0.197666764 0.168470800 -0.023179322 0.053481948 0.128947452 0.014830117 0.990097106
1341846316.973994 -0.195477188 0.165809378 -0.025742278 0.051989701 0.125794545 0.014507527 0.990586877
1341846317.005913 -0.168156922 0.144672051 -0.039334215 0.047033288 0.116377562 0.017747102 0.991932034
1341846317.037936 -0.174779326 0.162487626 -0.031956952 0.050971463 0.115556717 0.014685437 0.991883516
1341846317.073972 -0.168158293 0.150369257 -0.025143623 0.050135951 0.111848548 0.016469665 0.992323041
1341846317.106113 -0.146219105 0.142870784 -0.024639003 0.051509254 0.105385281 0.020812122 0.992878437
1341846317.137887 -0.140656874 0.137621790 -0.026846021 0.054200973 0.096841753 0.028300619 0.993419826
1341846317.173970 -0.135414094 0.137604490 -0.031105585 0.054809708 0.087860622 0.030192696 0.994165361
1341846317.205887 -0.136706814 0.131712586 -0.031572469 0.053691875 0.084505506 0.030547014 0.994506359
1341846317.248131 -0.134951919 0.134636328 -0.031783957 0.056239776 0.080367118 0.033166926 0.994624674
1341846317.306289 -0.147582471 0.139625773 -0.046783492 0.058719497 0.073645428 0.038935725 0.994792640
1341846317.348137 -0.159556046 0.139598206 -0.046538644 0.060378201 0.075681955 0.040812835 0.994465172
1341846317.410120 -0.178620487 0.143667787 -0.058501288 0.062863827 0.075254641 0.045766674 0.994127870
1341846317.442569 -0.195139676 0.139765725 -0.047115147 0.065587446 0.077676781 0.047602713 0.993679285
1341846317.474010 -0.213536024 0.132591709 -0.043313783 0.069741733 0.079889998 0.049252965 0.993140399
1341846317.509927 -0.227678195 0.138272151 -0.039501078 0.073306262 0.078808144 0.053591225 0.992745399
1341846317.542282 -0.223494843 0.133738980 -0.042256813 0.071309648 0.074529774 0.054626193 0.993164778
1341846317.573943 -0.240150124 0.131399885 -0.044358436 0.071352497 0.077443860 0.052599311 0.993048131
1341846317.610159 -0.250330657 0.134641871 -0.040260591 0.075185418 0.079967715 0.053687125 0.992506921
1341846317.643553 -0.251866937 0.138346225 -0.042248264 0.077938430 0.077892557 0.057645317 0.992237568
1341846317.677993 -0.261823773 0.139895156 -0.034066666 0.079284325 0.075127423 0.060159046 0.992194891
1341846317.709996 -0.251051158 0.136843488 -0.038768474 0.081081718 0.069302924 0.059296440 0.992525458
1341846317.741834 -0.243595243 0.146326184 -0.043801446 0.082266010 0.066070765 0.059551563 0.992633164
1341846317.777923 -0.243287370 0.137120605 -0.042269170 0.077848196 0.063123479 0.057071306 0.993326724
1341846317.810021 -0.223797679 0.118717134 -0.026745379 0.075336516 0.057831075 0.060316097 0.993650794
1341846317.841886 -0.194901392 0.112157851 -0.033600539 0.071838498 0.050058000 0.057418916 0.994503140
1341846317.878017 -0.186259538 0.131163865 -0.048717178 0.072172508 0.046589971 0.051661793 0.994963109
1341846317.909910 -0.173377380 0.135601968 -0.044080839 0.072547242 0.045099456 0.046448279 0.995261490
1341846317.946031 -0.153489664 0.127102554 -0.042095300 0.071712501 0.041623585 0.046906296 0.995451987
1341846317.978041 -0.126466274 0.124081016 -0.038648181 0.073269896 0.034278248 0.046591084 0.995633364
1341846318.009897 -0.123184763 0.122332305 -0.039253846 0.075126804 0.033441588 0.044491876 0.995619476
1341846318.045949 -0.104142219 0.115030415 -0.041702300 0.073550552 0.030131010 0.043020543 0.995907426
1341846318.078074 -0.091843933 0.112863839 -0.040013611 0.072355509 0.025971645 0.041566245 0.996173918
1341846318.109894 -0.054735590 0.108338937 -0.037789881 0.070831962 0.014563262 0.036179651 0.996725500
1341846318.145957 -0.063880168 0.112227492 -0.039132308 0.070853464 0.013420868 0.034449656 0.996801317
1341846318.178001 -0.057967853 0.112866476 -0.038623154 0.070359632 0.011931512 0.031715807 0.996945977
1341846318.214074 -0.024423571 0.102589384 -0.026921561 0.069874644 0.003052419 0.030557984 0.997082949
1341846318.245970 0.005377575 0.102661230 -0.025186330 0.072811335 -0.009591327 0.030923976 0.996820033
1341846318.278018 0.009569077 0.105298974 -0.029493038 0.076641433 -0.016077265 0.030392155 0.996465743
1341846318.313937 0.032618534 0.118787140 -0.033442590 0.080502056 -0.028307779 0.031746067 0.995846510
1341846318.345989 0.030959850 0.121736884 -0.024444453 0.082574002 -0.037829295 0.030962305 0.995385230
1341846318.382046 0.026294541 0.112645932 -0.015401861 0.082924500 -0.044925250 0.030851576 0.995064557
1341846318.414072 0.032343615 0.111754313 -0.013227362 0.084435932 -0.054605249 0.033081487 0.994381428
1341846318.446035 0.044479072 0.118384115 -0.020567250 0.087839380 -0.063050635 0.031593122 0.993635118
1341846318.482196 0.050559390 0.119150639 -0.021255640 0.089001611 -0.067080773 0.031639114 0.993266225
1341846318.514144 0.040476028 0.121861100 -0.029957980 0.089970559 -0.067877576 0.037016768 0.992938936
1341846318.546259 0.038695041 0.118342355 -0.022178525 0.090994768 -0.070221514 0.035041708 0.992754221
1341846318.582042 0.032254383 0.123046979 -0.035007730 0.092942096 -0.069879420 0.037933122 0.992491663
1341846318.614115 0.032778885 0.114560187 -0.039305970 0.090749197 -0.072441548 0.036443222 0.992566645
1341846318.650038 0.004696140 0.117503688 -0.034846887 0.091651283 -0.069163345 0.033575054 0.992818832
1341846318.682350 -0.003202543 0.114307247 -0.033682577 0.091031551 -0.070037656 0.033279840 0.992824495
1341846318.714063 -0.009706154 0.106992908 -0.038396783 0.088785134 -0.071085475 0.030549513 0.993041158
1341846318.749905 -0.010487710 0.109430939 -0.047650039 0.090450577 -0.072538897 0.032535903 0.992722631
1341846318.782036 -0.031388570 0.108036652 -0.045602746 0.091655500 -0.071193956 0.034240872 0.992652118
1341846318.814121 -0.049846258 0.101523682 -0.042032409 0.091229677 -0.075286634 0.035017196 0.992362261
1341846318.850072 -0.072147228 0.094503611 -0.038724571 0.090895966 -0.078731485 0.032775141 0.992202103
1341846318.883516 -0.093427896 0.107258767 -0.038091008 0.096677147 -0.083562732 0.029487208 0.991363347
1341846318.918047 -0.090376072 0.112206027 -0.036414154 0.099869199 -0.098045759 0.029357152 0.989722848
1341846318.950044 -0.109582871 0.110473320 -0.037058059 0.101402864 -0.106240354 0.025314225 0.988832474
1341846318.982028 -0.110634342 0.112542331 -0.045151427 0.103359848 -0.110473551 0.022124441 0.988242269
1341846319.018123 -0.120921612 0.111217260 -0.037196901 0.102712758 -0.116119459 0.023163151 0.987638474
1341846319.050745 -0.118885934 0.108185641 -0.034407817 0.104300253 -0.122799382 0.020571465 0.986721098
1341846319.081905 -0.128021181 0.110780299 -0.052171960 0.109955557 -0.122112677 0.018961050 0.986224473
1341846319.117976 -0.151185825 0.116190173 -0.070398845 0.112256981 -0.120049559 0.024146000 0.986105204
1341846319.150093 -0.171734422 0.115336105 -0.069340624 0.113690875 -0.123192288 0.031373177 0.985349596
1341846319.186069 -0.160087943 0.142087087 -0.065896153 0.117687166 -0.125662610 0.030944213 0.984581649
1341846319.218149 -0.154710099 0.154232353 -0.069460087 0.115450583 -0.121568695 0.029299527 0.985410452
1341846319.250034 -0.164288223 0.143387765 -0.083668023 0.107885607 -0.114737801 0.029220358 0.987087667
1341846319.286594 -0.196007311 0.139713556 -0.072991922 0.106161110 -0.109981060 0.032324638 0.987719178
1341846319.318034 -0.211472183 0.136263311 -0.079739347 0.106296316 -0.108167700 0.035683513 0.987789214
1341846319.350268 -0.220185935 0.140081778 -0.084550664 0.106891356 -0.107398704 0.041762546 0.987570584
1341846319.386163 -0.237665519 0.123907633 -0.096106194 0.106723316 -0.111118734 0.050923120 0.986746967
1341846319.418386 -0.234285384 0.136355668 -0.083594605 0.109317370 -0.117492780 0.052011766 0.985667229
1341846319.453961 -0.231908575 0.134201244 -0.105097778 0.109126538 -0.119313836 0.048446797 0.985651314
1341846319.486271 -0.250375420 0.139505386 -0.103277460 0.108923405 -0.118702531 0.047402255 0.985798359
1341846319.554083 -0.241843328 0.133785009 -0.093226030 0.102718264 -0.127718210 0.048285909 0.985294640
1341846319.586296 -0.259612381 0.123994000 -0.104528993 0.101987831 -0.125448972 0.044347018 0.985846996
1341846319.622031 -0.308320940 0.113404162 -0.128977820 0.098664768 -0.120974056 0.041146770 0.986882746
1341846319.653962 -0.297660679 0.114377171 -0.109733291 0.098711915 -0.129867896 0.042076796 0.985707819
1341846319.686352 -0.305112928 0.115302324 -0.114325792 0.100445576 -0.133681059 0.044118647 0.984933317
1341846319.721992 -0.308310270 0.117620364 -0.132445171 0.100587666 -0.137724087 0.046240959 0.984264195
1341846319.754063 -0.332115203 0.160343871 -0.106592789 0.103518263 -0.140784413 0.041358843 0.983744442
1341846319.786397 -0.332304269 0.147011966 -0.109413609 0.096987478 -0.141354293 0.044719294 0.984181166
1341846319.822008 -0.347639859 0.155813187 -0.105425179 0.095139049 -0.141001329 0.048828308 0.984216928
1341846319.853917 -0.352649182 0.154817685 -0.110124975 0.089700997 -0.141366228 0.053100038 0.984453976
1341846319.889942 -0.351481408 0.136837840 -0.096876130 0.084401444 -0.143146813 0.058635078 0.984351218
1341846319.922039 -0.376237452 0.125867620 -0.102584757 0.083916076 -0.145569339 0.058293074 0.984057724
1341846319.953946 -0.366298765 0.118049458 -0.105345659 0.083817504 -0.152463883 0.054691728 0.983228445
1341846319.990054 -0.363668054 0.125506178 -0.106877677 0.087631747 -0.155666694 0.048118431 0.982737601
1341846320.028122 -0.368514299 0.119230054 -0.113626271 0.088791907 -0.158752412 0.046560787 0.982214749
1341846320.090047 -0.346103877 0.131235912 -0.097911909 0.095072635 -0.168043748 0.046980899 0.980058849
1341846320.122011 -0.329996377 0.131640121 -0.094598576 0.095674671 -0.167271212 0.047629591 0.980101109
1341846320.157952 -0.322708964 0.128342286 -0.085633382 0.096131578 -0.165439025 0.047072705 0.980394185
1341846320.190003 -0.305992931 0.119278394 -0.083708800 0.097918905 -0.162163377 0.047109224 0.980762780
1341846320.221941 -0.303329349 0.119451545 -0.074200988 0.101864874 -0.159002155 0.048676722 0.980801940
1341846320.258015 -0.299018770 0.121501952 -0.070636764 0.106259473 -0.158032462 0.051187921 0.980364442
1341846320.289887 -0.280442983 0.110351160 -0.067033730 0.110194013 -0.160322040 0.053552497 0.979431570
1341846320.321954 -0.262694210 0.109572396 -0.059329398 0.119483955 -0.162146479 0.051964570 0.978126645
1341846320.357890 -0.248657286 0.124447316 -0.053482484 0.126213402 -0.162920088 0.051832937 0.977159441
1341846320.390064 -0.225650847 0.125337586 -0.049265228 0.127668083 -0.160838097 0.052242532 0.977293551
1341846320.426544 -0.205390990 0.129625767 -0.031012259 0.131334409 -0.153765976 0.048482783 0.978139460
1341846320.458122 -0.182295680 0.124397792 -0.039246939 0.131635621 -0.148214266 0.045717504 0.979088604
1341846320.490186 -0.180215910 0.130983636 -0.016939871 0.137396708 -0.142083436 0.042424288 0.979354203
1341846320.525911 -0.144683614 0.121741958 -0.029632129 0.138466090 -0.136631474 0.044018626 0.979908884
1341846320.558091 -0.137672678 0.135314465 -0.052121717 0.140403986 -0.130504340 0.042109549 0.980551958
1341846320.594093 -0.117124036 0.133770138 -0.015323129 0.143057674 -0.128985539 0.036725733 0.980585754
1341846320.631955 -0.109212898 0.124960952 -0.004513907 0.145067185 -0.121971011 0.035261136 0.981241703
1341846320.664916 -0.103792630 0.131281748 -0.047944687 0.144346893 -0.116443276 0.036005590 0.981992126
1341846320.699927 -0.074959189 0.123966597 -0.027429160 0.144325674 -0.115334168 0.034010019 0.982197285
1341846320.731822 -0.069925152 0.134430185 -0.028224722 0.147532657 -0.108102091 0.031863984 0.982615232
1341846320.763877 -0.077299967 0.165706530 -0.037410624 0.147658914 -0.105602801 0.032726541 0.982839704
1341846320.799999 -0.057675399 0.128754407 -0.043627746 0.137179419 -0.106449321 0.027809279 0.984417081
1341846320.831871 -0.013651006 0.120460548 -0.009378808 0.139296621 -0.099171855 0.024153128 0.984976113
1341846320.863887 -0.020794526 0.133203477 -0.035242103 0.138499200 -0.088481180 0.024473812 0.986098409
1341846320.900014 0.013042849 0.122260526 -0.044593386 0.129759833 -0.095543623 0.030573802 0.986457825
1341846320.931889 0.030433875 0.116735645 -0.000604987 0.131821647 -0.096935719 0.028302537 0.986116350
1341846320.967866 0.025557317 0.135728002 -0.029251240 0.132144898 -0.090190008 0.025526198 0.986788690
1341846321.000017 0.022234522 0.130443707 -0.016160328 0.126256332 -0.089956596 0.024516886 0.987606227
1341846321.031860 0.037154615 0.126317650 -0.018533014 0.123979665 -0.089131117 0.020918828 0.988052189
1341846321.068047 0.044995084 0.137032330 -0.013639014 0.125546023 -0.085518762 0.017663410 0.988237202
1341846321.099840 0.050468218 0.134079099 -0.009320557 0.123195380 -0.084359854 0.018292969 0.988621116
1341846321.131821 0.071673214 0.123284563 0.007304747 0.122763425 -0.084241897 0.019468632 0.988662422
1341846321.167887 0.065520585 0.128254250 -0.006955583 0.125569388 -0.078690536 0.019677240 0.988763332
1341846321.200042 0.061429512 0.135698438 -0.011439733 0.126538754 -0.075302474 0.019161591 0.988913655
1341846321.231950 0.074942157 0.119977236 -0.016739801 0.124424741 -0.075216398 0.018441290 0.989202142
1341846321.267939 0.101239868 0.128482431 -0.018384758 0.125675455 -0.074703380 0.014408479 0.989149868
1341846321.299948 0.116747342 0.130789116 0.011827346 0.125680819 -0.071167924 0.008066594 0.989481866
1341846321.331858 0.120594755 0.125365645 0.024696037 0.125983581 -0.068148620 0.005014001 0.989676118
1341846321.367913 0.137545079 0.118525676 0.011067796 0.126649559 -0.066257790 0.000084523 0.989732146
1341846321.399897 0.148186117 0.121925198 0.004327051 0.128256634 -0.061992262 0.000114903 0.989801586
1341846321.435994 0.147079945 0.114697255 0.005037561 0.129313052 -0.057775840 -0.000759971 0.989918947
1341846321.467946 0.156700671 0.117800161 0.001985412 0.131364733 -0.055638898 -0.000293246 0.989771426
1341846321.499882 0.179762170 0.119592048 0.013434544 0.133041188 -0.054283623 0.000564036 0.989622653
1341846321.536109 0.203088239 0.130592242 0.008912351 0.133788541 -0.049435906 -0.003422334 0.989770174
1341846321.568960 0.200668618 0.143058151 0.019772027 0.131903455 -0.043299269 -0.004408694 0.990306616
1341846321.603938 0.196155369 0.134760514 0.022124659 0.128323197 -0.039524052 -0.005935214 0.990926683
1341846321.637163 0.232401922 0.144663647 0.014453400 0.126589999 -0.035829905 -0.008191128 0.991273940
1341846321.668306 0.234936148 0.140019074 0.028186373 0.121636145 -0.028650101 -0.003200019 0.992156029
1341846321.704411 0.221527115 0.136450946 0.034389153 0.117726944 -0.026583683 0.006038928 0.992671788
1341846321.736861 0.233376682 0.138140738 0.037785776 0.116251923 -0.029820947 0.013608735 0.992678702
1341846321.771881 0.250119567 0.153012156 0.039752729 0.114629962 -0.030996885 0.018391965 0.992754221
1341846321.804114 0.258315980 0.150054738 0.040906288 0.110321872 -0.029004043 0.019870192 0.993273914
1341846321.836152 0.252242446 0.156835139 0.045556273 0.107904099 -0.025697926 0.019872008 0.993630469
1341846321.871882 0.263518959 0.161184058 0.040802635 0.102908470 -0.025161736 0.017384294 0.994220555
1341846321.904074 0.262466609 0.158011824 0.043158963 0.096537940 -0.023033418 0.013027490 0.994977474
1341846321.939847 0.265884727 0.158432871 0.047031321 0.092982814 -0.019859277 0.010180136 0.995417595
1341846322.004094 0.261607379 0.151602700 0.048969734 0.085662127 -0.021820206 0.009621313 0.996038795
1341846322.066178 0.280497313 0.143271565 0.046379730 0.080812842 -0.017575542 0.005898846 0.996556878
1341846322.107979 0.279512256 0.125665575 0.052075714 0.077481054 -0.016216401 0.005635732 0.996845961
1341846322.166164 0.280754924 0.100858450 0.050977513 0.079431005 -0.016179973 0.005858309 0.996691883
1341846322.202932 0.280794591 0.098637581 0.053367920 0.081237048 -0.018642752 0.005112420 0.996507287
1341846322.234093 0.270454228 0.095787168 0.058258262 0.080708496 -0.017991088 0.003149140 0.996570349
1341846322.265941 0.278750271 0.083101153 0.058283120 0.077346303 -0.022268943 0.005042635 0.996742845
1341846322.301996 0.281782299 0.073248565 0.064718418 0.075875171 -0.023913702 0.004796450 0.996818960
1341846322.333949 0.277150691 0.051375832 0.060756519 0.073285505 -0.025674969 0.005901132 0.996962965
1341846322.369871 0.285753429 0.034440998 0.056966938 0.074045278 -0.031405207 0.001501694 0.996759117
1341846322.402292 0.302020907 0.018447965 0.069060341 0.075657181 -0.031535763 -0.004151998 0.996626437
1341846322.433955 0.283487439 -0.009268925 0.066943921 0.079105161 -0.028221697 -0.007915778 0.996435285
1341846322.470030 0.273246944 -0.009113312 0.068889230 0.088070169 -0.031209623 -0.004964692 0.995612860
1341846322.502433 0.295942038 -0.030184127 0.064735912 0.092510365 -0.036929537 -0.001298393 0.995025814
1341846322.534002 0.308894306 -0.048970670 0.058889385 0.100637808 -0.037969477 0.002127322 0.994196057
1341846322.570196 0.314864427 -0.064001046 0.061399870 0.108803891 -0.038994767 0.005492707 0.993282914
1341846322.601920 0.304631263 -0.071422696 0.055778049 0.114426367 -0.041288424 0.007483029 0.992545128
1341846322.638119 0.321466327 -0.086559109 0.063092522 0.119135447 -0.045921218 0.008614051 0.991778076
1341846322.669947 0.332503229 -0.094935812 0.057781324 0.123522662 -0.043245066 0.008241165 0.991364777
1341846322.702026 0.312731117 -0.104413576 0.057581212 0.126490042 -0.039939661 0.008860058 0.991123915
1341846322.738006 0.320092201 -0.105458632 0.052173078 0.127788424 -0.043399211 0.010938314 0.990791082
1341846322.770087 0.330128163 -0.141373873 0.062663995 0.125713751 -0.043531328 0.008330719 0.991076052
1341846322.806047 0.312964946 -0.155711278 0.056475382 0.128603518 -0.041985732 0.009853347 0.990757942
1341846322.838063 0.304797560 -0.158012152 0.062593468 0.130720720 -0.045828205 0.012186274 0.990284503
1341846322.870081 0.312343955 -0.177182376 0.066477716 0.131606236 -0.051472023 0.012532643 0.989885569
1341846322.906018 0.335357130 -0.182168856 0.064012572 0.136245072 -0.054893199 0.013753868 0.989057541
1341846322.938349 0.329155385 -0.167180568 0.063587740 0.137833342 -0.053493951 0.015455838 0.988889039
1341846322.970069 0.329759300 -0.174861938 0.064941861 0.132768452 -0.053785749 0.016560396 0.989548087
1341846323.011820 0.335310280 -0.199684888 0.062477216 0.128549740 -0.053797983 0.016815085 0.990100026
1341846323.073951 0.329151034 -0.197426721 0.069641650 0.126157865 -0.053461201 0.020848108 0.990349174
1341846323.105962 0.335251838 -0.220368698 0.070383862 0.121916816 -0.054071065 0.020733656 0.990849495
1341846323.138158 0.337493479 -0.223926485 0.068531424 0.122551724 -0.054194823 0.017160298 0.990832746
1341846323.174092 0.334142029 -0.227512956 0.061009288 0.120392613 -0.054094695 0.015954265 0.991123080
1341846323.206059 0.343945980 -0.238405511 0.060334083 0.117081769 -0.055447310 0.013238853 0.991484821
1341846323.238053 0.350994468 -0.240810111 0.070188150 0.114573173 -0.053063940 0.011623155 0.991928458
1341846323.273997 0.329146892 -0.244135976 0.057557005 0.110151269 -0.051144078 0.012850965 0.992514908
1341846323.305946 0.334276259 -0.256208479 0.065452002 0.104482293 -0.055493969 0.012535061 0.992898166
1341846323.342027 0.360292047 -0.274363816 0.081021741 0.101967961 -0.055819072 0.010478660 0.993165135
1341846323.374048 0.334249288 -0.275533020 0.072196841 0.102607913 -0.050253626 0.012444327 0.993373752
1341846323.405987 0.321326435 -0.283853024 0.068043590 0.102091908 -0.053623848 0.018718209 0.993152201
1341846323.441956 0.345834076 -0.295472234 0.074017972 0.102615505 -0.059849445 0.020269794 0.992712080
1341846323.473878 0.344332784 -0.297105253 0.073661506 0.108371206 -0.057897035 0.018762032 0.992245734
1341846323.506129 0.337082088 -0.285505593 0.067895323 0.111922041 -0.057398126 0.017046046 0.991911471
1341846323.541972 0.346312732 -0.284995854 0.070026837 0.110825725 -0.058213212 0.014953461 0.992020845
1341846323.573913 0.372349501 -0.312747747 0.075676590 0.108952023 -0.055821650 0.008871602 0.992438793
1341846323.609927 0.349989712 -0.303460091 0.072590068 0.110485941 -0.047702715 0.005208635 0.992718577
1341846323.642014 0.336891800 -0.316671759 0.070803769 0.108819894 -0.045339692 0.006777939 0.993003845
1341846323.674081 0.332349777 -0.333883166 0.073446944 0.107720554 -0.046670560 0.008893241 0.993045330
1341846323.710069 0.342493147 -0.359672487 0.064205557 0.107621461 -0.049042728 0.012445851 0.992903590
1341846323.742111 0.339849204 -0.370807439 0.064343326 0.111628942 -0.050769560 0.013570324 0.992359459
1341846323.774928 0.342561960 -0.366128266 0.059126675 0.115730844 -0.053075567 0.011525252 0.991794586
1341846323.810012 0.344129026 -0.373138398 0.055518329 0.116893627 -0.054528516 0.007819077 0.991615534
1341846323.842207 0.346308053 -0.375608563 0.061934922 0.118796207 -0.054366577 0.003060080 0.991424441
1341846323.878019 0.339805514 -0.382717550 0.060376249 0.119788066 -0.054681301 -0.001157184 0.991291761
1341846323.909826 0.336831540 -0.399713963 0.057395868 0.122160643 -0.055904537 -0.005776927 0.990917861
1341846323.942459 0.337113738 -0.403070152 0.049364265 0.125462636 -0.056003466 -0.005438473 0.990501463
1341846323.978055 0.332752436 -0.412420809 0.044917781 0.126998946 -0.058517177 -0.003658561 0.990168512
1341846324.015934 0.341217399 -0.427018195 0.051041879 0.129267335 -0.061503805 -0.003823671 0.989693165
1341846324.047722 0.347953916 -0.406007975 0.049085196 0.134415135 -0.060605854 -0.003234272 0.989064753
1341846324.083904 0.343807757 -0.382345051 0.052728344 0.136732325 -0.058597647 -0.005013709 0.988860667
1341846324.115968 0.348484576 -0.376866728 0.050433334 0.134644479 -0.057287738 -0.005819268 0.989219427
1341846324.151967 0.356489986 -0.376605093 0.046583869 0.134261265 -0.054821055 -0.010970679 0.989367545
1341846324.183941 0.338654339 -0.373206317 0.038159028 0.131489143 -0.048829839 -0.015652282 0.989990532
1341846324.219984 0.333838195 -0.369894445 0.048092466 0.127604678 -0.046826892 -0.014857492 0.990607679
1341846324.251968 0.327231646 -0.370393187 0.052696504 0.127227888 -0.046165902 -0.015031086 0.990684509
1341846324.284052 0.328114301 -0.360594481 0.045452967 0.127437606 -0.047038224 -0.015843743 0.990603864
1341846324.319880 0.321324676 -0.337231755 0.047893267 0.127662092 -0.049934886 -0.016046317 0.990429878
1341846324.351917 0.333489984 -0.307459414 0.058956832 0.125890091 -0.054695770 -0.017285869 0.990384400
1341846324.388001 0.344761163 -0.299180627 0.055317592 0.122009724 -0.055199377 -0.021493927 0.990759611
1341846324.419908 0.337577909 -0.281612426 0.064869314 0.118023917 -0.052581277 -0.024594853 0.991312623
1341846324.452027 0.327579468 -0.285167098 0.063402981 0.112996705 -0.051410031 -0.025052782 0.991948128
1341846324.487928 0.323630273 -0.275064588 0.068289742 0.112046659 -0.051565517 -0.022448001 0.992110193
1341846324.519985 0.312461525 -0.262910426 0.068137541 0.110761546 -0.052891996 -0.017606195 0.992282331
1341846324.556001 0.314431608 -0.244866088 0.068565622 0.109367900 -0.058178492 -0.013628261 0.992203712
1341846324.587888 0.316755682 -0.230611563 0.069025576 0.106393650 -0.061385065 -0.012353502 0.992350578
1341846324.620086 0.318826914 -0.224291489 0.076633386 0.104253635 -0.064283319 -0.014565667 0.992364168
1341846324.655955 0.324693084 -0.210198656 0.078176245 0.103833698 -0.065777421 -0.015839860 0.992290795
1341846324.688082 0.320075959 -0.208596602 0.081119969 0.102948472 -0.065332122 -0.014803312 0.992428482
1341846324.755922 0.305188596 -0.163611606 0.078585848 0.105527975 -0.067521870 -0.011088747 0.992059290
1341846324.814016 0.325699419 -0.117824793 0.083929069 0.102893203 -0.074573673 -0.014667983 0.991784573
1341846324.849979 0.313039839 -0.110397317 0.085684463 0.097247332 -0.070488475 -0.016662907 0.992621183
1341846324.881924 0.302780569 -0.103154272 0.092330709 0.094579823 -0.070970699 -0.017591529 0.992828488
1341846324.913902 0.310050815 -0.092678785 0.093125820 0.093741924 -0.073077075 -0.015160560 0.992795229
1341846324.949999 0.306549847 -0.096319720 0.093850195 0.093450285 -0.072944023 -0.011770279 0.992878497
1341846324.981922 0.298955381 -0.089445740 0.089028962 0.097695790 -0.075263850 -0.007398963 0.992338717
1341846325.018013 0.292294890 -0.073755458 0.087998629 0.102490142 -0.079655245 -0.005498243 0.991524398
1341846325.050079 0.281220108 -0.038596287 0.082803041 0.107541069 -0.082975604 -0.007166953 0.990706146
1341846325.081901 0.282466829 -0.022384813 0.089541882 0.106964834 -0.088448100 -0.009690637 0.990273476
1341846325.118531 0.291480273 -0.001549917 0.089106634 0.104045808 -0.090412743 -0.012720857 0.990372777
1341846325.149933 0.289442211 0.003013710 0.098821990 0.098772116 -0.087993369 -0.015060933 0.991097569
1341846325.181925 0.279066384 0.016030865 0.092336744 0.097020395 -0.085237809 -0.011423821 0.991559923
1341846325.218055 0.285485893 0.017676186 0.103962600 0.092953205 -0.086866066 -0.007521965 0.991845489
1341846325.249811 0.282387137 0.028787125 0.103243113 0.091237426 -0.086771674 -0.003869471 0.992033958
1341846325.285925 0.291154295 0.037257690 0.107512891 0.088849232 -0.088664971 -0.000396190 0.992090821
1341846325.317988 0.298249900 0.036145017 0.114623532 0.086139008 -0.086382091 0.001176079 0.992530525
1341846325.349844 0.294479489 0.029444467 0.111456335 0.088198021 -0.081071675 0.003171298 0.992793262
1341846325.387302 0.303929240 0.029015038 0.112528265 0.092137419 -0.080000959 0.006036749 0.992509007
1341846325.417931 0.310056448 0.051927499 0.120817393 0.096433140 -0.075027242 0.009170335 0.992465317
1341846325.450747 0.321938127 0.044159718 0.106324859 0.100525491 -0.068490580 0.012334678 0.992497623
1341846325.485954 0.298865020 0.061410848 0.124010280 0.109401628 -0.059635155 0.014634863 0.992099166
1341846325.517875 0.292316794 0.076062635 0.121003419 0.113749132 -0.056257591 0.016695999 0.991774917
1341846325.553859 0.289230198 0.084304266 0.119312495 0.118276544 -0.052587327 0.016123021 0.991456151
1341846325.585855 0.283348233 0.110924050 0.129715174 0.121612541 -0.048899960 0.014079810 0.991272390
1341846325.617990 0.275976896 0.135566369 0.126611829 0.120245695 -0.046327736 0.011649014 0.991594195
1341846325.653982 0.279215842 0.112194940 0.134029582 0.115418494 -0.045207329 0.010242533 0.992234826
1341846325.685819 0.278552502 0.112615153 0.137870103 0.121385768 -0.043378904 0.011427176 0.991591215
1341846325.717857 0.276332080 0.128287122 0.137053788 0.125335082 -0.043184146 0.019053480 0.990991056
1341846325.754083 0.267644137 0.130596057 0.133854240 0.127954721 -0.042248502 0.022686092 0.990620017
1341846325.786087 0.264617145 0.142869741 0.128745615 0.135407463 -0.040527333 0.023699451 0.989677012
1341846325.821856 0.266940504 0.166876659 0.136599660 0.140414789 -0.039734881 0.025827756 0.988957942
1341846325.853827 0.260151953 0.164047673 0.134824127 0.139874503 -0.038943995 0.029673839 0.988958001
1341846325.885958 0.243836015 0.187918141 0.119676113 0.142107978 -0.039634328 0.035887197 0.988406062
1341846325.921984 0.253778189 0.184171334 0.133152589 0.139593273 -0.045085896 0.039535746 0.988391578
1341846325.953899 0.273052692 0.187540412 0.145069003 0.142310888 -0.046957511 0.041221157 0.987847865
1341846325.985823 0.268128842 0.209800303 0.151745230 0.147384092 -0.044016689 0.046611361 0.986999393
1341846326.021991 0.263501436 0.202589273 0.145760894 0.147258908 -0.043668050 0.052275121 0.986749828
1341846326.054055 0.269098639 0.227020174 0.150486290 0.154145509 -0.045314163 0.056095313 0.985413134
1341846326.089984 0.274323225 0.268276364 0.161526859 0.161738232 -0.043782406 0.054932076 0.984330416
1341846326.121822 0.268564433 0.272645652 0.167493880 0.159690440 -0.038873538 0.052682936 0.984993577
1341846326.154079 0.263729334 0.269354880 0.165893674 0.159616902 -0.036181983 0.051605478 0.985165000
1341846326.190178 0.261886090 0.293739974 0.178684756 0.165867150 -0.037004333 0.054997168 0.983917713
1341846326.222162 0.254554927 0.308613688 0.181923032 0.162971243 -0.038586292 0.062356014 0.983902037
1341846326.259181 0.260956585 0.329381436 0.185620397 0.162733436 -0.042137511 0.067136548 0.983481050
1341846326.322766 0.261488050 0.354146838 0.194256425 0.154502451 -0.042565137 0.064511880 0.984964669
1341846326.359773 0.264731765 0.359525800 0.193075970 0.150575966 -0.040972028 0.062342022 0.985779703
1341846326.392109 0.261746556 0.357636809 0.188053697 0.149537638 -0.038420796 0.061542954 0.986090660
1341846326.423985 0.252648324 0.354707688 0.201392919 0.152394563 -0.037016291 0.066588849 0.985378861
1341846326.459869 0.249962553 0.379598111 0.210061386 0.155917495 -0.039992381 0.071591631 0.984360158
1341846326.526163 0.255080044 0.429763347 0.205906153 0.160656020 -0.037916105 0.068361498 0.983909905
1341846326.560211 0.252103657 0.439759910 0.218738675 0.153963342 -0.034145463 0.071379744 0.984903157
1341846326.591828 0.254507333 0.437232554 0.218581080 0.150155798 -0.032420799 0.072047941 0.985500515
1341846326.627027 0.262240946 0.462017298 0.229640692 0.152396679 -0.032189760 0.074013360 0.985018313
1341846326.658442 0.259543329 0.450469494 0.209891111 0.144671217 -0.026822710 0.068975829 0.986708224
1341846326.694856 0.250852942 0.469685674 0.213321835 0.142335519 -0.022654966 0.067854002 0.987230062
1341846326.726206 0.227267101 0.521256983 0.241729617 0.145317599 -0.019253217 0.067047030 0.986922860
1341846326.762753 0.246343672 0.496702850 0.216764227 0.132059872 -0.017784495 0.060023699 0.989262879
1341846326.826821 0.249551982 0.525153458 0.227388442 0.116811775 -0.012658069 0.059372798 0.991296947
1341846326.858887 0.241128594 0.543935359 0.253358722 0.115234651 -0.011063144 0.058990330 0.991523445
1341846326.895360 0.236857742 0.518545210 0.245530635 0.106071502 -0.010651294 0.059443239 0.992523015
1341846326.926897 0.236688823 0.525777936 0.248183757 0.108205982 -0.014733870 0.061191060 0.992134035
1341846326.958888 0.245025143 0.541522264 0.242765874 0.110808827 -0.017624751 0.063614830 0.991647065
1341846326.994594 0.244279489 0.562529624 0.234186620 0.112970583 -0.016045621 0.064231321 0.991390228
1341846327.026301 0.258130103 0.581854165 0.254941106 0.111724548 -0.017186018 0.064368583 0.991503417
1341846327.063945 0.229108825 0.597622871 0.246632025 0.110465333 -0.010129353 0.057849128 0.992143273
1341846327.094662 0.225448802 0.605067492 0.243168890 0.110120714 -0.007486875 0.055636622 0.992331564
1341846327.128901 0.190117091 0.614917636 0.234348059 0.109383233 -0.001754471 0.052576952 0.992606580
1341846327.161940 0.237580448 0.636898160 0.263156712 0.110089667 -0.010437028 0.054161891 0.992389977
1341846327.193867 0.212650716 0.654160857 0.252306461 0.111183502 -0.004304675 0.049517170 0.992556155
1341846327.229885 0.187769264 0.671593428 0.235868677 0.113049187 0.002962109 0.045276217 0.992552876
1341846327.262014 0.131080016 0.684081316 0.230409130 0.114039354 0.019292200 0.040096708 0.992479265
1341846327.294023 0.078372478 0.686086655 0.225162357 0.116464652 0.041222151 0.034136128 0.991751730
1341846327.330015 0.048562355 0.694967091 0.207844481 0.116691336 0.055695467 0.031072842 0.991118371
1341846327.361939 0.031522930 0.711748242 0.198800102 0.114199474 0.061777636 0.024853271 0.991223633
1341846327.393887 0.016136119 0.728103459 0.191836581 0.114757031 0.066165894 0.020600198 0.990973532
1341846327.429966 -0.023722302 0.745765269 0.182097808 0.112017475 0.071548298 0.019876566 0.990927756
1341846327.461965 -0.050638206 0.732615769 0.179625079 0.099227645 0.071367621 0.017146066 0.992354035
1341846327.497931 -0.091102250 0.727342069 0.189021751 0.093409590 0.077713415 0.014027487 0.992491066
1341846327.530068 -0.133846149 0.723195255 0.192364976 0.088969648 0.085096627 0.015778251 0.992267132
1341846327.561895 -0.173534125 0.725622833 0.206892297 0.086414509 0.089156605 0.019421173 0.992071748
1341846327.598010 -0.183880433 0.727210343 0.211973608 0.087219656 0.087055787 0.025545258 0.992049098
1341846327.629945 -0.197398454 0.752008855 0.210922465 0.089360908 0.084316023 0.024381788 0.992124438
1341846327.662003 -0.187240064 0.739790797 0.216700763 0.086142831 0.079815775 0.020708194 0.992864549
1341846327.697919 -0.219882712 0.756313205 0.215224177 0.088942155 0.085027277 0.021156749 0.992175400
1341846327.730075 -0.214241758 0.764818907 0.210956320 0.083063856 0.082771882 0.023493810 0.992822886
1341846327.766017 -0.223185897 0.766275764 0.212294146 0.077204935 0.083700955 0.024464272 0.993194342
1341846327.797917 -0.230475515 0.781937897 0.219855726 0.072099037 0.084872581 0.025319971 0.993457258
1341846327.830054 -0.228388742 0.789922953 0.224528044 0.065875664 0.084373273 0.027661741 0.993869364
1341846327.865944 -0.233794838 0.800800920 0.229918063 0.063780181 0.087432556 0.026737846 0.993766904
1341846327.898010 -0.240133956 0.802458286 0.237113103 0.058165032 0.089259751 0.028109483 0.993911147
1341846327.929991 -0.245421693 0.803749859 0.231940448 0.051790897 0.088668212 0.025141811 0.994396091
1341846327.966065 -0.253834128 0.811958909 0.229731590 0.046697389 0.091190957 0.020478372 0.994527102
1341846327.998073 -0.246739805 0.811616421 0.229601830 0.038169287 0.090787292 0.020007577 0.994937479
1341846328.034045 -0.255971432 0.822922349 0.231366992 0.033731334 0.093500786 0.018613514 0.994873524
1341846328.065993 -0.243581802 0.812202990 0.232733518 0.026735172 0.092145540 0.020300793 0.995179534
1341846328.098045 -0.249111921 0.808072448 0.240404278 0.027326431 0.093720153 0.021877924 0.994982958
1341846328.133967 -0.249715105 0.809286654 0.234735787 0.030278288 0.091880232 0.025313940 0.994987667
1341846328.166023 -0.259649992 0.805270433 0.231439546 0.029163297 0.090293661 0.024592210 0.995184302
1341846328.198018 -0.253396928 0.793701947 0.229720518 0.029524785 0.086523838 0.023616793 0.995532095
1341846328.234044 -0.264971048 0.794477224 0.228959829 0.034567378 0.087081477 0.021992216 0.995358348
1341846328.265899 -0.250993818 0.781550467 0.226087123 0.035887256 0.082215182 0.023531180 0.995690227
1341846328.302051 -0.265267640 0.770738125 0.228662014 0.040001422 0.085062362 0.023092832 0.995304465
1341846328.333917 -0.271978408 0.769990206 0.219280422 0.046305582 0.085550159 0.025331672 0.994934797
1341846328.366008 -0.283035189 0.745469391 0.232529461 0.050938468 0.086623996 0.022016894 0.994694352
1341846328.402010 -0.334568083 0.723435938 0.238718525 0.062853888 0.097828031 0.023013487 0.992949903
1341846328.433920 -0.368407547 0.700131834 0.237518191 0.064536169 0.102221608 0.022166844 0.992418468
1341846328.470003 -0.376001358 0.678659141 0.244557932 0.063906275 0.103324249 0.015237255 0.992475629
1341846328.502194 -0.404447317 0.664438188 0.264285475 0.067377493 0.110855095 0.007176750 0.991524041
1341846328.534033 -0.447661966 0.649493277 0.274428070 0.069032677 0.122004986 0.003577090 0.990119457
1341846328.570125 -0.492478460 0.631834149 0.283111185 0.072054662 0.130353391 0.003340208 0.988840222
1341846328.602804 -0.499244422 0.589728296 0.295555592 0.075277671 0.125524923 0.005179339 0.989216805
1341846328.672663 -0.478466988 0.610673428 0.288561910 0.095126875 0.109159335 0.003624032 0.989455402
1341846328.702975 -0.499900550 0.594166577 0.300064921 0.097448297 0.110508338 0.000484480 0.989086211
1341846328.770129 -0.478017211 0.554844737 0.280749410 0.103573270 0.103824593 -0.003220860 0.989182830
1341846328.802331 -0.475937396 0.534776747 0.277365834 0.103751637 0.100496545 -0.002586782 0.989509642
1341846328.838051 -0.470488608 0.534621358 0.276579320 0.110035449 0.097826056 -0.007139131 0.989075959
1341846328.869939 -0.468001246 0.535740376 0.274265498 0.110258639 0.096214563 -0.007821856 0.989204049
1341846328.904486 -0.464890599 0.515906394 0.271516025 0.105513856 0.092710063 -0.007357291 0.990059376
1341846328.939814 -0.454823256 0.520203829 0.276644200 0.113709949 0.088790223 -0.009435738 0.989493430
1341846328.970217 -0.466745764 0.504836202 0.268372059 0.115229219 0.088458732 -0.004671207 0.989381373
1341846329.006232 -0.459510118 0.492058992 0.262207776 0.116163373 0.084653929 -0.000333102 0.989615917
1341846329.038243 -0.455558896 0.491012663 0.263902605 0.123168916 0.083724573 -0.001241513 0.988846838
1341846329.106125 -0.450915039 0.450956225 0.242367655 0.119384117 0.082568623 -0.003344682 0.989403188
1341846329.138340 -0.439137936 0.442943394 0.239054650 0.121732980 0.079788022 -0.004929699 0.989338517
1341846329.169991 -0.440524966 0.446637034 0.233459622 0.124472618 0.078900769 -0.005733682 0.989064336
1341846329.208656 -0.441048533 0.437385142 0.234542221 0.124652624 0.078277007 -0.007033253 0.989082873
1341846329.238169 -0.448748410 0.422251135 0.227956712 0.121581793 0.078828521 -0.005115684 0.989433050
1341846329.273827 -0.443089426 0.417025179 0.227901489 0.121325828 0.076640755 -0.004572585 0.989638984
1341846329.306052 -0.443253398 0.416308194 0.222298369 0.121855952 0.074188150 -0.006723977 0.989748478
1341846329.338104 -0.433341593 0.419714361 0.218966961 0.118792452 0.071451627 -0.009592484 0.990298450
1341846329.373907 -0.430876493 0.395087540 0.212018758 0.114702418 0.070224896 -0.009964243 0.990864575
1341846329.405985 -0.431839556 0.390382022 0.211639330 0.116237000 0.069064930 -0.012615955 0.990737021
1341846329.442057 -0.434762836 0.392836779 0.211416692 0.116207615 0.069311820 -0.017181912 0.990654528
1341846329.473950 -0.437437505 0.379479617 0.209477395 0.114889257 0.068614058 -0.023448516 0.990728378
1341846329.506147 -0.442328095 0.378419787 0.201905251 0.115469441 0.067207411 -0.026334468 0.990684867
1341846329.542121 -0.443768144 0.366149455 0.196343631 0.113124236 0.064511985 -0.024706641 0.991176426
1341846329.574086 -0.448211461 0.343438059 0.194778472 0.114116028 0.063021787 -0.026259620 0.991118670
1341846329.606387 -0.448576242 0.344266266 0.190590099 0.116837710 0.062828228 -0.028981227 0.990737915
1341846329.641955 -0.443647236 0.349591702 0.189660087 0.118776344 0.060171083 -0.027711088 0.990708709
1341846329.681570 -0.458540142 0.313845009 0.189400718 0.112553000 0.059540387 -0.028959928 0.991437376
1341846329.748113 -0.435919285 0.321595579 0.179388523 0.117844418 0.056189675 -0.029076885 0.991014600
1341846329.810175 -0.440671235 0.288881958 0.174013168 0.114259310 0.059579633 -0.023270646 0.991389692
1341846329.842255 -0.458754599 0.266431004 0.181451857 0.112102300 0.062748633 -0.021115879 0.991488695
1341846329.874044 -0.454249710 0.269898772 0.172609895 0.117314316 0.060983740 -0.017622316 0.991063952
1341846329.910073 -0.461956263 0.271537930 0.175812528 0.117643945 0.061822813 -0.016134540 0.990998209
1341846329.942009 -0.483882099 0.259705096 0.179086968 0.110091068 0.064866953 -0.009808417 0.991754055
1341846329.978087 -0.453042626 0.238766104 0.166751653 0.109966502 0.058934774 -0.010292662 0.992133081
1341846330.016305 -0.471520871 0.269095659 0.174113065 0.116271049 0.063549817 -0.012952756 0.991097689
1341846330.048192 -0.449730873 0.239626393 0.160474986 0.104147270 0.061261587 -0.008476506 0.992637157
1341846330.080418 -0.460685194 0.189999819 0.165944561 0.096702404 0.062402066 -0.006774273 0.993332148
1341846330.115886 -0.467463583 0.199246600 0.160932392 0.103255548 0.065001115 -0.006799066 0.992505372
1341846330.147839 -0.484324932 0.191126466 0.166991979 0.100905053 0.067666464 -0.007054914 0.992567182
1341846330.181257 -0.480131775 0.216689676 0.162196547 0.100309007 0.065809496 -0.002876335 0.992773354
1341846330.215852 -0.468179256 0.192672104 0.150909930 0.090429999 0.066266738 -0.003964848 0.993687809
1341846330.247833 -0.465146661 0.187795416 0.153630152 0.090399563 0.064695969 -0.001733372 0.993800461
1341846330.283913 -0.464861989 0.169458807 0.146074012 0.081592925 0.064023808 0.000225256 0.994607210
1341846330.316011 -0.475151718 0.170173571 0.138037100 0.075520471 0.066312447 0.005578596 0.994921207
1341846330.347868 -0.464909494 0.151769996 0.151865318 0.073129781 0.061804127 0.001584040 0.995404303
1341846330.383835 -0.438968956 0.167529300 0.147941351 0.074818239 0.057596479 0.001911473 0.995530605
1341846330.415934 -0.433083147 0.149342865 0.138212204 0.071985237 0.057962246 0.001645825 0.995718718
1341846330.452561 -0.450882524 0.146657035 0.142828077 0.075484037 0.059144258 -0.001382016 0.995390475
1341846330.483903 -0.471266121 0.132355869 0.138939053 0.071419768 0.060521103 -0.001213899 0.995607793
1341846330.515970 -0.463787466 0.144493371 0.143950850 0.074858211 0.056552567 0.005284155 0.995575309
1341846330.552099 -0.459122300 0.151227206 0.139973044 0.077990741 0.054390311 0.006505462 0.995448053
1341846330.583876 -0.431957006 0.104714125 0.128768951 0.068521723 0.049848944 0.008529500 0.996366978
1341846330.619992 -0.461809963 0.145825565 0.130723745 0.069662489 0.052670471 0.006274924 0.996159434
1341846330.652136 -0.408425212 0.129205316 0.075096630 0.062251240 0.044325765 0.011856277 0.997005224
1341846330.683796 -0.411936939 0.107980646 0.095110565 0.053990837 0.044285785 0.008894632 0.997519255
1341846330.719991 -0.339867324 0.093070172 0.070439942 0.052639514 0.030608684 0.018279230 0.997977018
1341846330.752103 -0.354169786 0.059443664 0.075221732 0.048457474 0.027035506 0.020151131 0.998255908
1341846330.787952 -0.319934219 0.080702327 0.045215461 0.051970404 0.016976368 0.026461946 0.998153627
1341846330.819823 -0.267083794 0.080725826 0.030786298 0.054132063 0.009120765 0.034779299 0.997886240
1341846330.852208 -0.273395866 0.113581017 0.038144842 0.055092420 0.003992977 0.027575204 0.998092413
1341846330.914111 -0.329655826 0.144035414 0.030897783 0.052848898 0.015466951 0.029912304 0.998034596
1341846330.949903 -0.239426717 0.124507397 0.028281286 0.044619393 -0.007619015 0.027260402 0.998602986
1341846330.981986 -0.286570102 0.148994312 0.013302419 0.051374681 -0.003412245 0.030569065 0.998205662
1341846331.014111 -0.243814051 0.115441598 0.017887957 0.042688478 -0.015902661 0.028499424 0.998555243
1341846331.082139 -0.247684106 0.131903797 -0.011799784 0.051821984 -0.015386657 0.032255452 0.998016715
1341846331.114334 -0.238838434 0.130135655 0.007661027 0.046467528 -0.022286257 0.024622813 0.998367608
1341846331.149989 -0.258285403 0.113081358 0.005270766 0.045934860 -0.019556355 0.026723908 0.998395383
1341846331.181954 -0.265187293 0.104287311 0.019399006 0.046612978 -0.018662352 0.023240682 0.998468220
1341846331.218151 -0.283642292 0.104467958 -0.002370165 0.043824498 -0.019456739 0.025793537 0.998516679
1341846331.249914 -0.252659738 0.098941423 0.007485547 0.042192053 -0.025705542 0.021686729 0.998543322
1341846331.318141 -0.309880763 0.100482628 -0.015773155 0.053005468 -0.007011999 0.017091984 0.998423338
1341846331.349926 -0.294966578 0.105041459 -0.004638293 0.052610587 -0.005390759 0.017074279 0.998454571
1341846331.382003 -0.340866655 0.069649875 -0.017112369 0.050158262 0.010294206 0.013971760 0.998590469
1341846331.418008 -0.328378230 0.067955077 0.007704698 0.057399262 0.018485684 0.014333193 0.998077214
1341846331.450327 -0.350832254 0.078878880 -0.018346064 0.059814204 0.024682226 0.017531078 0.997750282
1341846331.486219 -0.333007962 0.078555197 0.003403887 0.059806332 0.024414945 0.017919216 0.997750461
1341846331.518344 -0.326997608 0.076953702 0.002621748 0.058254100 0.024945641 0.016189713 0.997858703
1341846331.550202 -0.359070003 0.095017008 -0.022221446 0.064794250 0.033752825 0.014527064 0.997221887
1341846331.586139 -0.316048682 0.091433473 0.011887847 0.064586066 0.029162895 0.016148267 0.997355223
1341846331.617931 -0.329331338 0.098534502 0.021847516 0.065322071 0.030889148 0.016974991 0.997241557
1341846331.654027 -0.357890964 0.115371563 0.009592269 0.069648631 0.038136993 0.017852189 0.996682465
1341846331.686123 -0.318735212 0.086772017 0.022193551 0.065671802 0.035518881 0.018986115 0.997028172
1341846331.717954 -0.284063727 0.105367757 0.031353738 0.064816639 0.028026585 0.020122731 0.997300506
1341846331.754076 -0.256333411 0.089153938 0.033850219 0.060635645 0.025736118 0.018041015 0.997664988
1341846331.785920 -0.302316874 0.078171790 0.055746622 0.061213665 0.036746010 0.015059301 0.997334361
1341846331.818053 -0.289221048 0.106449977 0.065465972 0.066606306 0.035892624 0.017204776 0.996985137
1341846331.853849 -0.291036308 0.091230296 0.064293221 0.061896414 0.035771754 0.013020813 0.997356296
1341846331.885987 -0.290224761 0.089714147 0.078511484 0.065868683 0.040028881 0.013659264 0.996931493
1341846331.922014 -0.298311651 0.097854726 0.081058443 0.068696611 0.043956660 0.013792652 0.996573329
1341846331.954037 -0.299871296 0.097296700 0.084900007 0.068353593 0.047762118 0.014712488 0.996408582
1341846331.986135 -0.339587986 0.081908777 0.083670318 0.069173090 0.058920838 0.014925013 0.995751321
1341846332.022364 -0.343205392 0.081064768 0.104884952 0.075970471 0.065424837 0.014744454 0.994852066
1341846332.054175 -0.347251654 0.077365205 0.103820831 0.080664746 0.065440610 0.018185925 0.994424462
1341846332.086502 -0.340581387 0.072489940 0.109710500 0.082989320 0.065112777 0.017675016 0.994263887
1341846332.122051 -0.354557306 0.074097559 0.117369771 0.084611185 0.068457544 0.015835932 0.993933439
1341846332.153983 -0.333821535 0.065062135 0.112954274 0.080010802 0.064154245 0.014593205 0.994620323
1341846332.190165 -0.351142466 0.064748712 0.063063070 0.073464595 0.063435979 0.016110921 0.995147824
1341846332.254145 -0.301038086 0.057473421 0.166440710 0.074599043 0.058639765 0.011421394 0.995422482
1341846332.289948 -0.254078329 0.085168451 0.184669018 0.081064686 0.050076704 0.015886256 0.995323300
1341846332.322172 -0.264460564 0.054804184 0.206225261 0.076590955 0.052413628 0.015554077 0.995562494
1341846332.354003 -0.258232981 0.080420569 0.186284050 0.083811246 0.051946584 0.012998662 0.995041847
1341846332.390180 -0.276391149 0.082177281 0.138350174 0.083289944 0.058083180 0.006906930 0.994807243
1341846332.422055 -0.300783545 0.069691889 0.195547670 0.079869978 0.066252537 0.005235487 0.994587362
1341846332.458114 -0.313383698 0.076532677 0.199539647 0.080891751 0.071435653 0.000330789 0.994159639
1341846332.489993 -0.327657640 0.076218434 0.200864226 0.081216604 0.074970752 0.001745281 0.993871331
1341846332.522130 -0.326340228 0.086446673 0.235608131 0.083934553 0.070868276 0.010967661 0.993887544
1341846332.558114 -0.326209843 0.074459784 0.244148970 0.082030006 0.065820299 0.017374538 0.994302213
1341846332.589874 -0.333748430 0.074600890 0.217299193 0.079641216 0.063839599 0.019802421 0.994580150
1341846332.621889 -0.333364606 0.083706528 0.210914344 0.076480471 0.063904285 0.020771572 0.994804263
1341846332.658202 -0.338188261 0.086721689 0.216219693 0.074179716 0.065410160 0.018986411 0.994916260
1341846332.690001 -0.343421727 0.094666310 0.220077813 0.073987111 0.066858463 0.019419558 0.994825959
1341846332.726000 -0.358973831 0.090017512 0.234941080 0.072128646 0.069113635 0.021856278 0.994757771
1341846332.758386 -0.348804742 0.087647386 0.228431150 0.071713693 0.063923292 0.021003818 0.995153129
1341846332.789937 -0.346564591 0.090928309 0.222318381 0.070322931 0.064823426 0.021762935 0.995177865
1341846332.825925 -0.353870690 0.089807108 0.222933531 0.067833200 0.067734994 0.020194259 0.995189846
1341846332.857898 -0.372555554 0.088058092 0.232557327 0.068023212 0.072811246 0.017987851 0.994860709
1341846332.894069 -0.379747033 0.084176823 0.228063375 0.064805828 0.073347159 0.016091807 0.995068550
1341846332.926029 -0.392436087 0.086087197 0.227797002 0.061590899 0.076540917 0.014264201 0.995060086
1341846332.958015 -0.407165438 0.082202144 0.228727192 0.058092348 0.081248470 0.011578262 0.994932115
1341846332.994073 -0.425267547 0.080848835 0.223117620 0.054694694 0.085172437 0.008044992 0.994831324
1341846333.026545 -0.447345346 0.069713853 0.225827083 0.049210522 0.090692818 0.004208210 0.994653404
1341846333.057998 -0.456564695 0.070247084 0.208875895 0.047575198 0.092999294 0.003223007 0.994523704
1341846333.094024 -0.484315753 0.061754648 0.212128520 0.046469241 0.099597700 0.006033912 0.993923783
1341846333.126095 -0.509244561 0.052248769 0.205703139 0.044042673 0.104276933 0.005325907 0.993558347
1341846333.161973 -0.533216357 0.047591414 0.195643172 0.040152647 0.109968446 0.004659445 0.993112743
1341846337.082104 0.030893086 0.169316679 -0.159783378 0.083523385 -0.075165913 0.011684292 0.993598223
1341846337.114317 0.018609878 0.151077241 -0.131344229 0.080884054 -0.077729836 0.012852290 0.993604898
1341846337.150037 0.036768809 0.164614737 -0.119784087 0.080892995 -0.083464138 0.012472323 0.993143737
1341846337.181873 0.023693295 0.168641329 -0.127934635 0.080491893 -0.080409177 0.008345604 0.993471563
1341846337.214073 0.019280268 0.176817372 -0.149673015 0.078891329 -0.077625647 0.004857847 0.993844450
1341846337.250087 0.020323796 0.168348402 -0.153653368 0.075113252 -0.080289871 0.005179592 0.993923903
1341846337.282028 0.023245711 0.173279285 -0.137493297 0.077023596 -0.084806547 0.008995629 0.993375182
1341846337.317920 0.042760190 0.169131801 -0.129413337 0.076523311 -0.088845901 0.009736462 0.993053794
1341846337.350018 -0.003413044 0.175779998 -0.124961823 0.079050332 -0.078634061 0.011482849 0.993698061
1341846337.382159 0.066765264 0.184886977 -0.132912949 0.073402733 -0.093320556 0.007245128 0.992900252
1341846337.417941 0.016714972 0.167985544 -0.137861788 0.072804309 -0.085097164 0.007306601 0.993682325
1341846337.450137 0.034369599 0.173793241 -0.137813941 0.073858835 -0.087951697 0.009418006 0.993338168
1341846337.482096 0.029785952 0.182037473 -0.139092654 0.073137999 -0.088016994 0.010056844 0.993379414
1341846337.518008 0.065537468 0.180091053 -0.138591453 0.073483109 -0.095301494 0.009458646 0.992687464
1341846337.549978 0.075139716 0.200301275 -0.139065310 0.075944327 -0.096125290 0.006620193 0.992445767
1341846337.585971 0.057392325 0.204423338 -0.187871277 0.072072506 -0.090101928 0.005493196 0.993306100
1341846337.617903 0.060111582 0.195078433 -0.178127676 0.072721347 -0.091063969 0.005933468 0.993168533
1341846337.650141 0.030926129 0.194028929 -0.144087464 0.075826578 -0.091508999 0.007441425 0.992885232
1341846337.686352 0.062975213 0.212559104 -0.181831121 0.074609026 -0.091234848 0.006310237 0.993010521
1341846337.718002 0.081711873 0.208253026 -0.122524008 0.073767327 -0.098241113 0.007301722 0.992398024
1341846337.749920 0.010871349 0.215939760 -0.119855434 0.078441970 -0.080620155 0.010287656 0.993600249
1341846337.786157 0.092131473 0.213841110 -0.120628215 0.070776224 -0.094491653 0.008101354 0.992973566
1341846337.817945 0.076629296 0.212770253 -0.123601779 0.068447031 -0.090544671 0.007578630 0.993508577
1341846337.854071 0.074412733 0.215929002 -0.129361451 0.067389153 -0.086472541 0.006630563 0.993950367
1341846337.885951 0.065844744 0.225358933 -0.134307906 0.065558910 -0.082706593 0.004506683 0.994405031
1341846337.918223 0.072481550 0.223870635 -0.118824050 0.061601169 -0.082475796 0.002095897 0.994685233
1341846337.954120 0.085911795 0.210616842 -0.106785811 0.057917546 -0.082885787 0.001089919 0.994874001
1341846337.985994 0.042934887 0.221555069 -0.120848693 0.056677788 -0.074726373 0.000775577 0.995591760
1341846338.018107 0.003318436 0.228598088 -0.105717815 0.056505300 -0.063807100 0.005339608 0.996347010
1341846338.054055 -0.003935906 0.235554338 -0.099114664 0.055277050 -0.060670536 0.004277246 0.996616900
1341846338.085986 0.004915339 0.230736330 -0.087360471 0.051733810 -0.057984442 0.001492143 0.996975005
1341846338.121875 0.081705756 0.231301442 -0.072112426 0.047183737 -0.072836198 0.001103010 0.996226609
1341846338.154089 0.081179217 0.229463905 -0.065096311 0.045936663 -0.072971560 0.005566860 0.996259987
1341846338.186029 0.084912643 0.231180012 -0.057102874 0.044515472 -0.073836975 0.008156274 0.996242940
1341846338.222071 0.098608479 0.222947776 -0.042493615 0.042822838 -0.071717277 0.007980275 0.996473372
1341846338.254107 0.082627349 0.207460850 -0.043250337 0.040006135 -0.068548881 0.007615644 0.996816218
1341846338.290130 0.093743943 0.214557841 -0.058156718 0.040154785 -0.068692818 0.009345798 0.996785581
1341846338.321952 0.110434115 0.203759387 -0.065446779 0.038865156 -0.068722643 0.011357198 0.996813774
1341846338.354022 0.157132789 0.235815480 -0.077975214 0.040166888 -0.070662387 0.011093430 0.996629536
1341846338.389969 0.131921425 0.272582799 -0.091703027 0.042826187 -0.063038878 0.012432861 0.997014284
1341846338.422377 0.146178782 0.278702766 -0.088598534 0.041162346 -0.063628219 0.012437541 0.997046828
1341846338.454010 0.155302107 0.283929914 -0.081340574 0.040642671 -0.065206468 0.011955108 0.996972084
1341846338.489894 0.158561200 0.282377541 -0.069918633 0.039006513 -0.065735191 0.011415833 0.997009039
1341846338.522066 0.154506564 0.281382740 -0.057824507 0.039822344 -0.064830415 0.011412125 0.997036099
1341846338.558058 0.156249881 0.284776837 -0.052131660 0.039444227 -0.065019988 0.010346431 0.997050405
1341846338.589842 0.161113068 0.288495004 -0.026366420 0.038257200 -0.066123985 0.008885706 0.997038126
1341846338.622019 0.167125344 0.278864294 -0.025896639 0.037659612 -0.065639205 0.012523703 0.997053862
1341846338.657984 0.163951352 0.285639822 -0.031944439 0.038483761 -0.065570362 0.013287618 0.997017026
1341846338.690198 0.171168968 0.290540159 -0.012519788 0.037166055 -0.067235768 0.013312561 0.996955812
1341846338.722454 0.172430977 0.281902790 0.001944821 0.035994988 -0.066018559 0.012665438 0.997088492
1341846338.757945 0.173930049 0.287513256 0.006489851 0.036402687 -0.066483401 0.014439726 0.997018695
1341846338.790039 0.177188978 0.287291050 0.007892650 0.033929925 -0.068844326 0.015963532 0.996922493
1341846338.826048 0.180903479 0.286907434 0.033503305 0.034993306 -0.068492562 0.013880468 0.996941090
1341846338.858027 0.185301349 0.294212878 0.042860594 0.035860211 -0.067196526 0.012575231 0.997015834
1341846338.889902 0.180010498 0.295982957 0.047336768 0.033415452 -0.067291044 0.011403001 0.997108459
1341846338.925948 0.192762375 0.291317493 0.066145740 0.032396603 -0.068847686 0.011849594 0.997030616
1341846338.958108 0.201617464 0.292655677 0.084469616 0.033486918 -0.067750350 0.010028208 0.997089744
1341846338.990057 0.204150170 0.285392344 0.104164511 0.032941118 -0.068087816 0.010696365 0.997078001
1341846339.025928 0.204920545 0.288127720 0.112073630 0.035630953 -0.067264855 0.010731592 0.997040987
1341846339.057939 0.197689474 0.293685138 0.106528535 0.038789686 -0.063430205 0.009670175 0.997185290
1341846339.093927 0.204205677 0.296844035 0.109876588 0.037383277 -0.065411188 0.013897071 0.997061074
1341846339.126562 0.207054421 0.304765433 0.127246320 0.035457522 -0.066508584 0.012326803 0.997079432
1341846339.157969 0.205306083 0.306441247 0.143202439 0.033934176 -0.062708952 0.007535576 0.997426391
1341846339.194113 0.204661086 0.305667013 0.148400724 0.030718075 -0.061891533 0.009924444 0.997560740
1341846339.228165 0.208881736 0.309085429 0.156369716 0.027137948 -0.064763390 0.013840599 0.997435570
1341846339.257998 0.218971938 0.307502419 0.179267913 0.024622353 -0.065408036 0.014661444 0.997447073
1341846339.294132 0.233086169 0.310572833 0.206746116 0.025277032 -0.065622970 0.014891643 0.997413099
1341846339.326577 0.226736963 0.301635027 0.208667636 0.019208511 -0.067394927 0.020407986 0.997332692
1341846339.362269 0.241564214 0.307584316 0.237376302 0.016611749 -0.071597025 0.017488865 0.997141957
1341846339.394725 0.236960262 0.316423506 0.228957698 0.017457597 -0.067305908 0.013948740 0.997482181
1341846339.462186 0.233067885 0.321800888 0.255068451 0.014905364 -0.067380913 0.013430458 0.997525632
1341846339.496743 0.241493985 0.331327051 0.248160005 0.019518724 -0.063280806 0.008906405 0.997765124
1341846339.562052 0.240996048 0.332423717 0.295876473 0.021429846 -0.060931697 0.011321448 0.997847676
1341846339.595122 0.271619081 0.289011300 0.272191197 0.015502667 -0.063841552 0.013521916 0.997748017
1341846339.632085 0.273269951 0.291170359 0.282295406 0.017349847 -0.060193442 0.011104839 0.997974157
1341846339.664568 0.270298034 0.288343132 0.282008588 0.017441873 -0.056418002 0.009544672 0.998209238
1341846339.698896 0.270032376 0.283884466 0.292411685 0.016949601 -0.055072807 0.008757988 0.998300076
1341846339.731977 0.275521398 0.284054577 0.304287821 0.017566681 -0.055537537 0.006971772 0.998277664
1341846339.762241 0.281163514 0.281123817 0.315106213 0.017708922 -0.054902311 0.006878799 0.998310983
1341846339.797873 0.283061683 0.278139383 0.324357569 0.017147247 -0.054858383 0.008750912 0.998308539
1341846339.830245 0.282806307 0.281051010 0.331300199 0.017841576 -0.055007510 0.008224616 0.998292685
1341846339.862015 0.283091575 0.281543821 0.338318110 0.017662497 -0.054566197 0.007646436 0.998324633
1341846339.897797 0.292411983 0.279500484 0.351931810 0.016568322 -0.055078112 0.007754112 0.998314440
1341846339.929916 0.288132489 0.274975091 0.362141997 0.015867356 -0.052811939 0.008283037 0.998444080
1341846339.961960 0.285530001 0.273432165 0.362277538 0.016964838 -0.052739654 0.009134738 0.998422384
1341846339.997845 0.293429077 0.282630980 0.371409893 0.019757101 -0.052408122 0.008093244 0.998397470
1341846340.029925 0.290046036 0.277737170 0.383061618 0.019795399 -0.049297225 0.008773951 0.998549402
1341846340.066044 0.278981894 0.270691752 0.390221447 0.020574624 -0.045391668 0.008388430 0.998722136
1341846340.098009 0.289393544 0.282186866 0.397571892 0.023555778 -0.047194231 0.009780551 0.998560071
1341846340.130102 0.298199594 0.295113832 0.418979347 0.025999870 -0.048435297 0.007389168 0.998460531
1341846340.166041 0.311813265 0.287696242 0.430444360 0.026282618 -0.048933234 0.005686668 0.998440027
1341846340.197867 0.285524994 0.287168950 0.421546698 0.026209710 -0.041111361 0.005356827 0.998796403
1341846340.229904 0.308990061 0.282610089 0.422363371 0.024599558 -0.046047408 0.007433505 0.998608649
1341846340.265859 0.319721222 0.280164242 0.435947180 0.024594994 -0.046707422 0.007609162 0.998576820
1341846340.298061 0.316817433 0.277439207 0.440147340 0.026054980 -0.043542918 0.008554014 0.998675108
1341846340.334063 0.310314029 0.283361763 0.446015030 0.025725894 -0.043381717 0.010004045 0.998677194
1341846340.366064 0.314800858 0.276461691 0.453157544 0.023523437 -0.045607977 0.008281419 0.998648047
1341846340.397995 0.316704243 0.276441962 0.456684798 0.025534239 -0.044828262 0.007654680 0.998638988
1341846340.433895 0.323056310 0.281174541 0.468333751 0.026883628 -0.046652410 0.010155098 0.998497725
1341846340.465959 0.322075129 0.274915487 0.467125744 0.026328541 -0.048839204 0.011413272 0.998394370
1341846340.501858 0.326095641 0.273778349 0.467759907 0.026829056 -0.052256189 0.010666428 0.998216271
1341846340.534329 0.325630367 0.276453763 0.466622531 0.027406400 -0.052764125 0.009828526 0.998182476
1341846340.566041 0.332591414 0.274225026 0.466993481 0.028676270 -0.054693535 0.010800301 0.998032868
1341846340.601909 0.327354759 0.278408289 0.474735767 0.031727146 -0.053090584 0.010188670 0.998033524
1341846340.634005 0.335910052 0.286290556 0.480379820 0.033918027 -0.054850716 0.009181504 0.997876108
1341846340.666028 0.337556809 0.282106757 0.476519406 0.033061758 -0.054118633 0.006756917 0.997964144
1341846340.701946 0.344620168 0.277683586 0.476790965 0.034660093 -0.053904988 0.005209052 0.997930765
1341846340.733954 0.345616430 0.282642186 0.465363115 0.036261268 -0.051944900 0.004025641 0.997983277
1341846340.770081 0.344132751 0.279432833 0.461529791 0.034825213 -0.050760854 0.001532986 0.998102307
1341846340.801980 0.348800868 0.278898001 0.462269992 0.035213917 -0.050375480 -0.003631007 0.998102784
1341846340.833999 0.349970758 0.281526476 0.461547703 0.035448655 -0.047915466 -0.007072859 0.998197138
1341846340.870013 0.344778240 0.283596575 0.465711832 0.034733973 -0.046916559 -0.009528878 0.998249292
1341846340.901955 0.351271123 0.280251831 0.458715856 0.035097487 -0.048306093 -0.008736622 0.998177528
1341846340.933918 0.351411730 0.280469686 0.462066531 0.037019473 -0.049399544 -0.006285849 0.998073041
1341846340.970122 0.345108449 0.283330947 0.456969976 0.038356356 -0.051356554 -0.000674276 0.997943282
1341846341.001922 0.341148883 0.279686153 0.451115131 0.038812097 -0.054577101 0.002361623 0.997752190
1341846341.037923 0.344120592 0.283452749 0.448488623 0.040415984 -0.057121433 0.003701845 0.997541964
1341846341.070300 0.345025450 0.279780835 0.439267129 0.040169235 -0.058124308 0.004020724 0.997492790
1341846341.102028 0.345480055 0.281223565 0.444719851 0.040176086 -0.059285861 0.004941368 0.997420013
1341846341.137982 0.349600226 0.280733019 0.446761876 0.040046003 -0.061570961 0.004856028 0.997287214
1341846341.170048 0.355985343 0.282102078 0.458088458 0.041112155 -0.063913390 0.006317632 0.997088194
1341846341.202110 0.357388765 0.279736102 0.451992452 0.042080570 -0.064578719 0.008592260 0.996987998
1341846341.237996 0.354335338 0.275657177 0.431495547 0.042681094 -0.062727533 0.008431821 0.997081995
1341846341.269883 0.356206417 0.277533174 0.435233057 0.043970264 -0.062920719 0.009133430 0.997007608
1341846341.306107 0.351269990 0.277303725 0.429662526 0.044618309 -0.062511504 0.008077815 0.997013688
1341846341.338109 0.355666906 0.275155425 0.419454783 0.045146264 -0.062271308 0.006553066 0.997016132
1341846341.370120 0.356471598 0.272936255 0.419812262 0.045530252 -0.061256625 0.004195569 0.997074246
1341846341.406074 0.353485912 0.275817215 0.424049944 0.046017330 -0.060932629 0.004127793 0.997072041
1341846341.438113 0.354478210 0.267790973 0.427754074 0.046233866 -0.063115500 0.004296169 0.996925473
1341846341.470024 0.355215222 0.272889227 0.418404877 0.049851254 -0.062806755 0.002128763 0.996777654
1341846341.506077 0.352872431 0.277096421 0.416647643 0.049903829 -0.061744850 0.001921221 0.996841788
1341846341.538156 0.348006904 0.271420807 0.418765247 0.048355062 -0.063164510 0.001844772 0.996829331
1341846341.574016 0.349237680 0.271097958 0.415289700 0.049294714 -0.065336496 0.002078542 0.996642828
1341846341.612466 0.345328897 0.277958721 0.416253686 0.050895132 -0.065460533 0.002430697 0.996553361
1341846341.643972 0.345500439 0.281048894 0.414296567 0.050365560 -0.066853829 0.000862728 0.996490419
1341846341.679982 0.344726801 0.279830009 0.412384987 0.050020732 -0.068331189 0.002143506 0.996405602
1341846341.712332 0.343068898 0.278330296 0.408658206 0.050309580 -0.070176780 0.004460013 0.996255100
1341846341.744185 0.345147550 0.277162731 0.404786736 0.050217588 -0.072475687 0.007113026 0.996079743
1341846341.780061 0.342761070 0.278159380 0.405467719 0.050716493 -0.072818704 0.008674325 0.996017098
1341846341.842595 0.348683119 0.271539986 0.404157221 0.052026499 -0.074648872 0.013763286 0.995756686
1341846341.906227 0.357007205 0.264861524 0.403347939 0.054436218 -0.076894701 0.019258616 0.995365739
1341846341.942069 0.358519703 0.267142326 0.399158031 0.058084834 -0.076952249 0.020996079 0.995119929
1341846341.974775 0.358167827 0.266262978 0.391852677 0.060874224 -0.077041544 0.023254074 0.994896054
1341846342.010161 0.355373532 0.268141270 0.388091505 0.061505601 -0.077959746 0.025681827 0.994726002
1341846342.042024 0.364630222 0.256197542 0.385343760 0.061635137 -0.079723395 0.025729805 0.994576931
1341846342.080032 0.370474160 0.258757532 0.381901145 0.064070813 -0.077934407 0.025821328 0.994562387
1341846342.112265 0.361192286 0.255616009 0.380753398 0.064184956 -0.076093718 0.027262783 0.994659126
1341846342.147954 0.363304138 0.247068509 0.382018566 0.065426596 -0.077845618 0.030005725 0.994363666
1341846342.179852 0.364589870 0.253437310 0.384925842 0.069114521 -0.077484138 0.031516105 0.994095623
1341846342.211848 0.365177661 0.256921291 0.385700047 0.070291594 -0.076888926 0.031456932 0.994061172
1341846342.247920 0.372997731 0.251035303 0.380538285 0.070507035 -0.077442564 0.029623868 0.994059265
1341846342.279870 0.370500803 0.248216301 0.380074114 0.071698628 -0.076617472 0.031030050 0.993995070
1341846342.316068 0.370155483 0.250438094 0.380930573 0.073268414 -0.076559223 0.031800494 0.993860722
1341846342.347894 0.370468557 0.253342330 0.382251412 0.073889397 -0.076565742 0.031447783 0.993825495
1341846342.379953 0.370215267 0.250674695 0.378753006 0.073645800 -0.075769752 0.031200180 0.993912399
1341846342.416195 0.367953569 0.252817214 0.377335429 0.074397676 -0.075296298 0.032773156 0.993841708
