1341846313.592026 0.000000000 0.000000000 0.000000000 0.000000000 0.000000000 0.000000000 1.000000000
1341846313.654184 0.011091042 -0.001554107 -0.002985449 -0.001181630 -0.003889063 0.005812958 0.999974847
1341846313.686156 0.015693754 0.000894849 -0.003127197 0.000389886 -0.005661309 0.004944780 0.999971688
1341846313.721918 0.020914959 0.004748057 -0.005841113 0.000760560 -0.006716836 0.005950490 0.999959469
1341846313.753994 0.026451554 0.002711319 -0.000999478 -0.000032184 -0.007209617 0.007278838 0.999947488
1341846313.789969 0.034602869 0.006780252 0.000876964 0.001565726 -0.008270513 0.006056713 0.999946237
1341846313.822075 0.032755036 0.011062280 0.000640908 0.002057115 -0.006115944 0.003299477 0.999973714
1341846313.853928 0.030190373 0.013030896 0.004711821 0.001788295 -0.002492781 0.002111960 0.999993086
1341846313.890011 0.012816721 0.008302607 0.000947793 0.000460773 0.003303487 0.002824518 0.999990463
1341846313.922055 -0.004005691 0.010749256 -0.002018397 -0.001277972 0.007497254 0.003037718 0.999966443
1341846313.957927 -0.027922630 0.015967257 -0.002840582 -0.002131820 0.018141471 0.002792633 0.999829233
1341846313.990058 -0.040440097 0.015884660 0.002493070 -0.003286739 0.026386591 0.002846377 0.999642372
1341846314.022042 -0.067335613 0.012944340 -0.002418640 -0.006495797 0.032703571 0.005863526 0.999426782
1341846314.057816 -0.101856567 0.025824115 0.002260096 -0.007270531 0.043517973 0.004888244 0.999014199
1341846314.089801 -0.122002095 0.023496566 0.007018563 -0.006792590 0.053184941 0.005227786 0.998547852
1341846314.122037 -0.067084387 0.032869533 -0.010423960 -0.006801688 0.047835991 0.008761811 0.998793602
1341846314.157989 -0.068547435 0.041418400 -0.005360816 -0.006733655 0.052639272 0.008888802 0.998551369
1341846314.190094 -0.078770600 0.044865470 -0.002909702 -0.006254365 0.059148926 0.009608209 0.998183370
1341846314.225969 -0.079562448 0.043823231 -0.004195002 -0.009389809 0.061869517 0.012305178 0.997964203
1341846314.257923 -0.063156709 0.038377155 -0.005401452 -0.011434099 0.061932642 0.012253166 0.997939646
1341846314.290052 -0.063496940 0.042372070 0.001055694 -0.009589542 0.063640654 0.010186247 0.997874796
1341846314.325981 -0.075461499 0.052893329 -0.001758422 -0.008891770 0.067999430 0.007848807 0.997614861
1341846314.357905 -0.068232954 0.056788106 0.007463749 -0.009040121 0.070754848 0.006411197 0.997432172
1341846314.389899 -0.069766529 0.056164701 0.014161797 -0.007673243 0.074548207 0.005509959 0.997172654
1341846314.427905 -0.071792647 0.063923404 0.012218412 -0.006974330 0.077785276 0.002650453 0.996942222
1341846314.493987 -0.189309463 0.077763960 0.005872060 -0.002352857 0.109555177 -0.005981852 0.993959963
1341846314.526085 -0.201599643 0.079235002 -0.002004340 -0.002256515 0.114402816 -0.006895348 0.993407965
1341846314.558292 -0.200445011 0.082835309 -0.003222503 -0.002700331 0.118047610 -0.007531644 0.992975712
1341846314.594085 -0.194364429 0.088603288 0.004156642 0.000007690 0.123368941 -0.008585932 0.992323697
1341846314.626096 -0.186257482 0.080625355 -0.002332523 -0.001565208 0.126301348 -0.005553557 0.991975129
1341846314.658455 -0.190881550 0.086687371 -0.009502124 -0.002363900 0.129911050 -0.007990393 0.991490662
1341846314.694004 -0.222935304 0.116185345 -0.002000406 0.003829236 0.140269980 -0.012785468 0.990023315
1341846314.725910 -0.215761185 0.105968289 -0.005558264 0.007123054 0.141635776 -0.005973917 0.989875197
1341846314.761942 -0.222317025 0.110045858 -0.013072640 0.011661067 0.143202201 -0.001962317 0.989622831
1341846314.794030 -0.218135670 0.123138525 -0.011249505 0.017045541 0.146394134 -0.002326496 0.989076734
1341846314.826092 -0.218310833 0.125342518 -0.015143931 0.019068478 0.151646078 -0.001614365 0.988249600
1341846314.862145 -0.306456357 0.131144792 -0.015805542 0.019739870 0.171205834 -0.000358225 0.985037446
1341846314.894072 -0.309556693 0.133072987 -0.018103614 0.020103803 0.176281273 0.001554724 0.984133303
1341846314.925969 -0.315724611 0.125727132 -0.018996857 0.019206736 0.180572778 0.007251637 0.983347297
1341846314.961937 -0.345512986 0.112388566 -0.025014281 0.013169633 0.185836315 0.013094808 0.982405186
1341846314.994564 -0.343156874 0.132988319 -0.025036126 0.014230900 0.187008590 0.010861853 0.982195139
1341846315.029900 -0.349444538 0.141567796 -0.025337964 0.014875583 0.193268970 0.006773442 0.981009662
1341846315.061965 -0.362251699 0.135839254 -0.021906868 0.014214474 0.198409423 0.012526851 0.979936063
1341846315.094388 -0.361943483 0.147139341 -0.020986602 0.016622549 0.197551683 0.013201593 0.980062604
1341846315.129851 -0.389205456 0.185012460 -0.024971142 0.025176689 0.203047737 0.009651461 0.978797495
1341846315.161941 -0.418934703 0.167901531 -0.036816776 0.018918052 0.207880422 0.016404394 0.977833688
1341846315.197984 -0.409229696 0.218027622 -0.027914613 0.020405032 0.204762876 0.007888415 0.978567123
1341846315.230076 -0.418326080 0.214730486 -0.033574164 0.016787075 0.206416085 0.006290647 0.978300035
1341846315.262069 -0.441578150 0.196919918 -0.044787809 0.010571154 0.207238525 0.012664123 0.978151381
1341846315.298000 -0.441024661 0.212376818 -0.043590412 0.011833522 0.204160407 0.013171425 0.978777289
1341846315.329931 -0.440065175 0.246114880 -0.040414706 0.022541167 0.203543514 0.010542441 0.978749633
1341846315.361981 -0.470634371 0.257537901 -0.043292701 0.029782210 0.208099842 0.012920580 0.977568686
1341846315.397962 -0.478383631 0.271092027 -0.041529447 0.035365462 0.210017085 0.015563559 0.976933956
1341846315.429923 -0.482095003 0.281693906 -0.036270246 0.039707795 0.213135228 0.014964764 0.976100743
1341846315.466047 -0.531459808 0.288984776 -0.035484225 0.041782763 0.226351321 0.017787820 0.972986519
1341846315.497883 -0.524000943 0.284092665 -0.036433056 0.040909037 0.227712184 0.022674065 0.972604454
1341846315.530008 -0.532366097 0.287850410 -0.030782729 0.041577276 0.231008187 0.022513084 0.971802294
1341846315.566108 -0.538599253 0.285252869 -0.024714246 0.039948702 0.234182596 0.023792263 0.971080065
1341846315.597986 -0.530437887 0.286609709 -0.027079761 0.040326085 0.234085321 0.023442356 0.971096456
1341846315.630109 -0.549037337 0.298052400 -0.019173622 0.042457666 0.238854691 0.021729585 0.969883323
1341846315.666042 -0.565636456 0.311011583 -0.019596636 0.043076437 0.243441403 0.019378519 0.968764782
1341846315.698114 -0.524731517 0.300623626 -0.029097155 0.035363741 0.240116790 0.020029243 0.969892859
1341846315.733985 -0.507820427 0.293744951 -0.023033381 0.032700852 0.239695847 0.021267248 0.970064044
1341846315.766041 -0.505303979 0.265751302 -0.026713863 0.028385147 0.236329585 0.024870617 0.970939755
1341846315.798188 -0.530516744 0.285227776 -0.024123818 0.031280298 0.240224555 0.023055762 0.969939232
1341846315.834140 -0.560846865 0.304482669 -0.014170662 0.036106542 0.247352481 0.020264382 0.968040526
1341846315.866751 -0.540487051 0.278183788 -0.005868480 0.033170208 0.245400846 0.019344738 0.968660891
1341846315.898492 -0.578397930 0.284979790 0.006750464 0.035647731 0.252026558 0.018101148 0.966894090
1341846315.936901 -0.543529868 0.273437887 -0.000524640 0.036671106 0.247509867 0.018761568 0.968009353
1341846315.966572 -0.546226680 0.292639881 -0.005364597 0.043330025 0.247865215 0.015938448 0.967693806
1341846316.034204 -0.566024423 0.273677707 -0.007545590 0.043537881 0.249528572 0.014491139 0.967279673
1341846316.066113 -0.593608022 0.284985840 0.005822837 0.048009280 0.253567785 0.014111361 0.966022432
1341846316.101867 -0.584458947 0.280260563 -0.003381312 0.048294734 0.248922572 0.015400708 0.967195928
1341846316.134066 -0.586570382 0.290331930 0.000653595 0.048427481 0.245665342 0.011910438 0.968070984
1341846316.202049 -0.603217185 0.272195876 0.014471889 0.045819800 0.242750540 0.008313324 0.968970358
1341846316.233979 -0.607804418 0.274825513 0.012051046 0.046124205 0.241669789 0.006707986 0.969238520
1341846316.270052 -0.614997864 0.271942079 0.013180137 0.043811817 0.243329272 0.003742672 0.968946517
1341846316.301915 -0.622221828 0.257454753 0.017114043 0.042270906 0.245072022 0.003114736 0.968577921
1341846316.334208 -0.627693713 0.267690301 0.020652980 0.045918968 0.243668929 0.002643940 0.968767226
1341846316.370006 -0.632810056 0.265747070 0.025056392 0.047555763 0.242594808 0.003007010 0.968956769
1341846316.401994 -0.639967859 0.270316035 0.025958151 0.050346266 0.242145419 0.004944235 0.968920231
1341846316.438069 -0.646199048 0.262535423 0.019881278 0.051719349 0.241118416 0.006203452 0.969096780
1341846316.470076 -0.658520162 0.262263507 0.026494771 0.056740515 0.241695195 0.008532187 0.968654335
1341846316.502034 -0.672214866 0.275521398 0.015382409 0.059650663 0.238678858 0.008802186 0.969224811
1341846316.537975 -0.678609073 0.276622385 0.015087724 0.056535289 0.236231640 0.007236444 0.970023692
1341846316.570121 -0.679053068 0.262434125 0.026309639 0.055062093 0.235891372 0.005132908 0.970204651
1341846316.601885 -0.686932564 0.261737168 0.034268290 0.056924071 0.236112133 0.003097709 0.970052123
1341846316.638009 -0.695652843 0.261679918 0.031426996 0.059307098 0.234543815 0.003769502 0.970287383
1341846316.669925 -0.705331087 0.258147120 0.042102605 0.061149586 0.234954432 0.002412167 0.970077991
1341846316.705941 -0.708101869 0.254977971 0.038262159 0.065304585 0.234133661 0.002982501 0.970004082
1341846316.738062 -0.723355949 0.262122095 0.040770084 0.068486422 0.234441578 0.004463806 0.969704509
1341846316.770433 -0.730739653 0.266099244 0.035159856 0.068070337 0.233125046 0.006026505 0.970042706
1341846316.805932 -0.732447565 0.255984247 0.045340836 0.067664914 0.233260199 0.005458156 0.970041931
1341846316.838029 -0.741765738 0.260146916 0.054537296 0.069907159 0.232381731 0.006286646 0.970088720
1341846316.870034 -0.756012082 0.256677628 0.056151807 0.069847032 0.229547516 0.006674366 0.970765054
1341846316.906344 -0.753658056 0.259802043 0.056664795 0.071285337 0.225527853 0.005973855 0.971606851
1341846316.937940 -0.759143233 0.262604624 0.049125046 0.070931919 0.223965243 0.003448416 0.972006321
1341846316.973994 -0.767565370 0.267141670 0.063533515 0.070833512 0.223018333 0.003602661 0.972230673
1341846317.005913 -0.776710093 0.258879155 0.060809433 0.068596929 0.220477432 0.004010416 0.972968698
1341846317.037936 -0.788663268 0.255330771 0.072868317 0.068583496 0.219279930 0.002658404 0.973244846
1341846317.073972 -0.796497107 0.253120482 0.076204538 0.069509782 0.218238622 0.002818764 0.973412693
1341846317.106113 -0.798503101 0.250062108 0.068700850 0.072143406 0.215032637 0.006903646 0.973914087
1341846317.137887 -0.817484379 0.251011968 0.074117512 0.075615607 0.210900784 0.009461362 0.974532485
1341846317.173970 -0.817899644 0.254361570 0.071735203 0.077271447 0.202558160 0.011265051 0.976151824
1341846317.205887 -0.821090877 0.254710704 0.071777880 0.077740848 0.199101850 0.013317360 0.976799607
1341846317.248131 -0.837885976 0.253685474 0.081586540 0.079125576 0.197779834 0.014201444 0.976944506
1341846317.306289 -0.834245801 0.255781859 0.087564468 0.081365794 0.190136641 0.018085837 0.978212953
1341846317.348137 -0.840881467 0.253443658 0.086239249 0.082374528 0.191040397 0.018405842 0.977946401
1341846317.410120 -0.862974465 0.256564111 0.087168872 0.084929444 0.191098824 0.023366021 0.977610469
1341846317.442569 -0.872472644 0.252274632 0.094521135 0.087130763 0.191908166 0.024804575 0.977222741
1341846317.474010 -0.879787803 0.249261498 0.100520968 0.092921242 0.192607373 0.026667992 0.976502359
1341846317.509927 -0.883127570 0.257913977 0.095468014 0.097314514 0.189271048 0.030506713 0.976614416
1341846317.542282 -0.887058914 0.261190176 0.102623492 0.097379595 0.186396271 0.032255426 0.977104545
1341846317.573943 -0.891287208 0.255455315 0.095149755 0.095934547 0.187050298 0.030588316 0.977176070
1341846317.610159 -0.898655653 0.253303409 0.102003962 0.098646089 0.189078704 0.030637491 0.976513982
1341846317.643553 -0.909484863 0.255775481 0.113750070 0.101505846 0.189151824 0.032698318 0.976139843
1341846317.677993 -0.917144239 0.254803479 0.128673270 0.102488346 0.186770454 0.034046672 0.976449609
1341846317.709996 -0.920693398 0.253323674 0.121967942 0.104823604 0.183313310 0.034192476 0.976851642
1341846317.741834 -0.918295801 0.263380498 0.119937465 0.106200308 0.181121647 0.034560166 0.977098823
1341846317.777923 -0.928917110 0.261352330 0.139415905 0.103949986 0.181296900 0.033693615 0.977338493
1341846317.810021 -0.931580901 0.259298921 0.148145765 0.103330053 0.179779664 0.032096416 0.977738202
1341846317.841886 -0.967760444 0.261464477 0.122784823 0.101785339 0.180139914 0.029093331 0.977927864
1341846317.878017 -0.959306657 0.263491809 0.134238452 0.099445239 0.179060519 0.027156698 0.978422463
1341846317.909910 -0.960357726 0.259276330 0.141528457 0.097876146 0.180320174 0.023777593 0.978437245
1341846317.946031 -0.960686445 0.259856641 0.164340451 0.099391781 0.181639850 0.023833495 0.978038967
1341846317.978041 -0.984935284 0.252193242 0.145612627 0.100973658 0.180803686 0.024963981 0.978003681
1341846318.009897 -0.982036829 0.259969413 0.145071030 0.103902459 0.180123657 0.023147101 0.977867067
1341846318.045949 -1.010293245 0.261496753 0.144297868 0.103156507 0.182993695 0.019893309 0.977484643
1341846318.078074 -1.024544358 0.259343147 0.150584012 0.102048606 0.182544068 0.018413203 0.977714002
1341846318.109894 -1.027390599 0.259312034 0.156565398 0.101356797 0.178325742 0.016338961 0.978600919
1341846318.145957 -1.025877714 0.260128409 0.157386526 0.100292929 0.175666690 0.014281238 0.979223430
1341846318.178001 -1.027695060 0.256799161 0.163392425 0.098946117 0.175912231 0.011604874 0.979351759
1341846318.214074 -1.038707137 0.253544360 0.175245360 0.099264540 0.174889699 0.010341048 0.979516804
1341846318.245970 -1.045488954 0.247585982 0.188780248 0.102142766 0.169650555 0.010809511 0.980137110
1341846318.278018 -1.065434456 0.247378424 0.173072323 0.105401374 0.165359497 0.009779366 0.980536163
1341846318.313937 -1.078463793 0.252483845 0.183773696 0.107672781 0.160416588 0.008831059 0.981119275
1341846318.345989 -1.080865860 0.249067634 0.186132953 0.108773224 0.150645852 0.007719973 0.982555151
1341846318.382046 -1.090665460 0.248761505 0.181569949 0.110090673 0.143937036 0.005916113 0.983426213
1341846318.414072 -1.115080595 0.247022510 0.182888597 0.111074068 0.139140874 0.005878567 0.984005988
1341846318.446035 -1.116830468 0.247199327 0.185096025 0.113286704 0.132294908 0.005447799 0.984700203
1341846318.482196 -1.109605789 0.251250625 0.189129099 0.114796042 0.129222408 0.004675834 0.984937370
1341846318.514144 -1.120562434 0.249904647 0.186558425 0.114881165 0.128045559 0.006001176 0.985073924
1341846318.546259 -1.126705170 0.241245180 0.187843606 0.115530744 0.126749232 0.005437328 0.985168874
1341846318.582042 -1.137510180 0.251925826 0.193940148 0.117811568 0.127568260 0.004129252 0.984799325
1341846318.614115 -1.146153331 0.250976562 0.193725824 0.117111683 0.127270788 0.004221708 0.984920859
1341846318.650038 -1.153545141 0.249752313 0.195059255 0.116331041 0.126711249 0.001621790 0.985093236
1341846318.682350 -1.162341714 0.251738816 0.201086640 0.115891494 0.126740977 -0.000037280 0.985142589
1341846318.714063 -1.175958157 0.250132173 0.199681252 0.114889286 0.126054391 -0.001243133 0.985347271
1341846318.749905 -1.181192636 0.243738800 0.197824150 0.115387216 0.125503436 0.000565911 0.985360026
1341846318.782036 -1.191676736 0.248153582 0.201322928 0.117656969 0.124406084 0.001124173 0.985230267
1341846318.814121 -1.205123067 0.247559220 0.206491411 0.117596522 0.119845256 0.000425763 0.985803187
1341846318.850072 -1.220157266 0.246995717 0.207075462 0.117130615 0.114755966 -0.002783498 0.986460209
1341846318.883516 -1.239342928 0.243349954 0.194130331 0.118945569 0.107831292 -0.005444648 0.987013042
1341846318.918047 -1.242364883 0.246188596 0.201285601 0.122155301 0.094552271 -0.006178806 0.987977624
1341846318.950044 -1.243834019 0.241293654 0.213688657 0.123020306 0.085777625 -0.009723458 0.988642335
1341846318.982028 -1.255941272 0.249713466 0.211877063 0.124520354 0.082549669 -0.013951451 0.988678694
1341846319.018123 -1.284815431 0.245438814 0.202124715 0.123338483 0.078097545 -0.013716866 0.989191711
1341846319.050745 -1.267918110 0.231715903 0.213321686 0.123754367 0.070505381 -0.015028507 0.989690840
1341846319.081905 -1.262068391 0.245665953 0.215331241 0.130113229 0.069414958 -0.018084599 0.988900959
1341846319.117976 -1.291789532 0.250339776 0.213124961 0.133295298 0.071362637 -0.012776034 0.988421261
1341846319.150093 -1.306268454 0.240973860 0.205315948 0.135031775 0.066935249 -0.006082317 0.988559067
1341846319.186069 -1.296973228 0.253409386 0.206574380 0.137533262 0.064661838 -0.006024117 0.988365889
1341846319.218149 -1.300629973 0.277064502 0.202273890 0.135449439 0.069496721 -0.008076543 0.988310933
1341846319.250034 -1.309812307 0.276916176 0.210716039 0.129475728 0.076508917 -0.007640846 0.988597035
1341846319.286594 -1.326694131 0.262223095 0.210740969 0.127222851 0.079856627 -0.003134200 0.988649309
1341846319.318034 -1.330938697 0.262809902 0.213867337 0.128696740 0.080396079 0.000137215 0.988419771
1341846319.350268 -1.343211889 0.259099752 0.220557362 0.130248666 0.080720216 0.006997722 0.988165259
1341846319.386163 -1.362336278 0.251169741 0.222073942 0.132535711 0.077086464 0.013447803 0.988084555
1341846319.418386 -1.353488326 0.260185212 0.229054600 0.134194255 0.070523806 0.014117667 0.988341510
1341846319.453961 -1.357261181 0.262275308 0.212589085 0.134056389 0.068797424 0.010226352 0.988529861
1341846319.486271 -1.381656528 0.259352356 0.190085083 0.132281885 0.069789566 0.008985924 0.988711357
1341846319.554083 -1.380531311 0.262486130 0.252493888 0.127858415 0.062491186 0.007906119 0.989790142
1341846319.586296 -1.391919732 0.262692392 0.256111354 0.127725080 0.063413143 0.004236545 0.989771247
1341846319.622031 -1.413290024 0.261203796 0.235229343 0.125214607 0.060584396 0.003005242 0.990273595
1341846319.653962 -1.413799644 0.257312506 0.258839458 0.124424465 0.055542611 0.000837497 0.990672946
1341846319.686352 -1.418114543 0.254972994 0.256238818 0.126078278 0.051000688 0.002065190 0.990706265
1341846319.721992 -1.425863385 0.261984736 0.255399376 0.127142638 0.046883468 0.002737227 0.990772009
1341846319.754063 -1.430829167 0.274855554 0.253135681 0.124637991 0.045104258 0.001310906 0.991175711
1341846319.786397 -1.432456017 0.271674395 0.264299333 0.120676152 0.045023471 0.006186101 0.991651118
1341846319.822008 -1.443304658 0.271685362 0.259040892 0.117857784 0.044555184 0.011030748 0.991969109
1341846319.853917 -1.442546844 0.274644405 0.269897401 0.114118725 0.042803247 0.015861748 0.992417872
1341846319.889942 -1.447301507 0.261365026 0.269456744 0.110831492 0.042075574 0.021396991 0.992717564
1341846319.922039 -1.459223747 0.255772233 0.268254787 0.110208355 0.038125884 0.023018138 0.992910206
1341846319.953946 -1.451122522 0.249899819 0.277741164 0.109697968 0.031431824 0.019003179 0.993286073
1341846319.990054 -1.450540304 0.252158403 0.273943335 0.111338653 0.028812304 0.011514003 0.993297994
1341846320.028122 -1.455950975 0.254541606 0.269515455 0.113466367 0.025162589 0.010649856 0.993166029
1341846320.090047 -1.437936187 0.262269199 0.275383115 0.118789583 0.016743561 0.009041928 0.992737114
1341846320.122011 -1.430054307 0.263002455 0.273383319 0.119656153 0.018846035 0.009711990 0.992588997
1341846320.157952 -1.419792414 0.261298478 0.276707411 0.120135881 0.020956019 0.010503125 0.992480695
1341846320.190003 -1.401454568 0.254746556 0.276476204 0.122627646 0.023366785 0.009181915 0.992135108
1341846320.221941 -1.402221084 0.252784252 0.266934335 0.126648203 0.027272740 0.009611509 0.991526127
1341846320.258015 -1.391699076 0.249437347 0.264912307 0.130751222 0.027452033 0.011599771 0.990967155
1341846320.289887 -1.383106470 0.242795333 0.261800945 0.135947049 0.026267197 0.011817683 0.990297258
1341846320.321954 -1.368946671 0.244422704 0.259874105 0.145216674 0.024456816 0.009392955 0.989052951
1341846320.357890 -1.349685907 0.254066139 0.266404629 0.151003778 0.023789929 0.009637730 0.988199890
1341846320.390064 -1.332191467 0.254039377 0.266178876 0.152885079 0.027140668 0.009063944 0.987829566
1341846320.426544 -1.323038578 0.250775516 0.233263716 0.154607415 0.034548197 0.005057658 0.987358749
1341846320.458122 -1.307505608 0.245822847 0.272152960 0.155477822 0.041830655 0.004445257 0.986943305
1341846320.490186 -1.283056021 0.236662313 0.240861416 0.157733515 0.047848541 0.003432632 0.986315787
1341846320.525911 -1.282540679 0.242310658 0.238181278 0.161764577 0.056505084 0.000467795 0.985210240
1341846320.558091 -1.275931358 0.248865798 0.228338167 0.162557408 0.059813619 -0.002473621 0.984881341
1341846320.594093 -1.259063601 0.241906956 0.220205933 0.162958845 0.064398445 -0.006580961 0.984506965
1341846320.631955 -1.238725781 0.243421733 0.214864746 0.165516704 0.071410187 -0.007315719 0.983591020
1341846320.664916 -1.232861042 0.248565167 0.215749651 0.165668771 0.074079864 -0.008301196 0.983360112
1341846320.699927 -1.212510943 0.243521601 0.225874871 0.165454075 0.076819584 -0.010008850 0.983170092
1341846320.731822 -1.204753399 0.248107314 0.211579293 0.167600662 0.083539888 -0.011109505 0.982246220
1341846320.763877 -1.203534603 0.273361206 0.216925770 0.167084247 0.085167982 -0.010523410 0.982200861
1341846320.799999 -1.187125325 0.250942856 0.207091704 0.157847449 0.083310530 -0.013710818 0.983847320
1341846320.831871 -1.133498907 0.240096927 0.186022282 0.158634499 0.091414154 -0.017146355 0.982946873
1341846320.863887 -1.178058743 0.266102165 0.208900571 0.159299180 0.103881456 -0.016618561 0.981608987
1341846320.900014 -1.173579454 0.248885870 0.201987147 0.151944160 0.098836131 -0.010619071 0.983377635
1341846320.931889 -1.136921048 0.235548258 0.184589177 0.152109593 0.097144037 -0.011742889 0.983507931
1341846320.967866 -1.142427564 0.266169995 0.188127160 0.153025687 0.103477225 -0.015518785 0.982667148
1341846321.000017 -1.144962788 0.258464336 0.189010412 0.146275222 0.104913466 -0.016541036 0.983525813
1341846321.031860 -1.128082991 0.244144693 0.178123444 0.143171757 0.104908571 -0.017741026 0.983962059
1341846321.068047 -1.114020824 0.254081607 0.187423825 0.144075751 0.108068787 -0.020180916 0.983440936
1341846321.099840 -1.113933206 0.252155393 0.179249138 0.141634032 0.110020339 -0.019098738 0.983600795
1341846321.131821 -1.088965058 0.238665387 0.173465475 0.141567811 0.110036880 -0.017242748 0.983642757
1341846321.167887 -1.085721254 0.244379491 0.171819746 0.144620031 0.114205189 -0.017149961 0.982724786
1341846321.200042 -1.081874967 0.248519093 0.174313903 0.145228431 0.117173359 -0.017668577 0.982276380
1341846321.231950 -1.069865823 0.241270140 0.174364403 0.144184425 0.117760852 -0.018377572 0.982346892
1341846321.267939 -1.052266359 0.244721949 0.158525601 0.144056290 0.119099796 -0.022770027 0.982112288
1341846321.299948 -1.043200016 0.243201748 0.164310634 0.141895458 0.123903036 -0.028738344 0.981676042
1341846321.331858 -1.047362328 0.236299515 0.156105503 0.141158298 0.127304778 -0.032215249 0.981239021
1341846321.367913 -1.020175695 0.232763290 0.159124047 0.142099187 0.129092082 -0.036164440 0.980731964
1341846321.399897 -1.015894532 0.235663489 0.151640579 0.143984079 0.133896634 -0.037284449 0.979770422
1341846321.435994 -1.003737092 0.231296182 0.167669401 0.145708695 0.136928484 -0.037107281 0.979102969
1341846321.467946 -1.000469923 0.231468335 0.149607986 0.147368133 0.139413819 -0.037506372 0.978488445
1341846321.499882 -0.977690697 0.231676996 0.153843746 0.149310946 0.140955076 -0.036165059 0.978023469
1341846321.536109 -0.985719025 0.240336299 0.124006391 0.148405612 0.148249015 -0.039171208 0.976966500
1341846321.568960 -0.987532139 0.249432296 0.152078629 0.145885095 0.157077506 -0.041224446 0.975881517
1341846321.603938 -0.979288936 0.242129296 0.152199209 0.142494038 0.159256443 -0.040208951 0.976071775
1341846321.637163 -0.947515249 0.246769339 0.119530246 0.139878586 0.162263721 -0.039872158 0.975968599
1341846321.668306 -0.961463392 0.246990949 0.150622085 0.136301339 0.173449785 -0.036449809 0.974683762
1341846321.704411 -0.973923206 0.248853505 0.158707112 0.134786084 0.175316378 -0.029076541 0.974808395
1341846321.736861 -0.959104896 0.247494489 0.159296513 0.134779394 0.171857983 -0.020494893 0.975642979
1341846321.771881 -0.950057924 0.261694968 0.144677237 0.133787364 0.171384275 -0.016035112 0.975946307
1341846321.804114 -0.933957994 0.256322622 0.151372433 0.129856750 0.172802702 -0.010806636 0.976298928
1341846321.836152 -0.931988657 0.261323184 0.150068060 0.127195761 0.175340042 -0.010026012 0.976205170
1341846321.871882 -0.929682136 0.271134347 0.155748069 0.122167297 0.177286401 -0.012318520 0.976469576
1341846321.904074 -0.921058655 0.268253177 0.151040003 0.115312211 0.178525344 -0.014726109 0.977043927
1341846321.939847 -0.917901576 0.262204438 0.154757529 0.110697329 0.181686625 -0.015926266 0.976976156
1341846322.004094 -0.924970925 0.257621765 0.163168728 0.103819624 0.181063190 -0.015895689 0.977847099
1341846322.066178 -0.908284485 0.248115748 0.151228935 0.098306589 0.185037062 -0.017711502 0.977641761
1341846322.107979 -0.913232803 0.232780188 0.157927752 0.095242195 0.187755257 -0.018545041 0.977411330
1341846322.166164 -0.912993312 0.213075116 0.154597223 0.098236494 0.187207624 -0.019097930 0.977209389
1341846322.202932 -0.911623001 0.208308458 0.152160764 0.099570468 0.184615478 -0.018644365 0.977576196
1341846322.234093 -0.911205947 0.205936655 0.150557175 0.098142266 0.183271423 -0.020822722 0.977929473
1341846322.265941 -0.912870109 0.196462393 0.148856193 0.095789596 0.180692509 -0.020168794 0.978656113
1341846322.301996 -0.905134261 0.181522667 0.142305106 0.093518235 0.178400293 -0.018811069 0.979323149
1341846322.333949 -0.919150472 0.160387009 0.135927573 0.091271915 0.177154064 -0.018478706 0.979767501
1341846322.369871 -0.911244690 0.146127194 0.133997187 0.091347963 0.171427786 -0.021847753 0.980709255
1341846322.402292 -0.894355536 0.129240483 0.125935748 0.091787532 0.171700969 -0.028355906 0.980453849
1341846322.433955 -0.907408297 0.112598844 0.139717609 0.096787661 0.174802333 -0.033312645 0.979268372
1341846322.470030 -0.906838834 0.104384847 0.136348739 0.105304837 0.170146704 -0.031154469 0.979280531
1341846322.502433 -0.898295343 0.096101597 0.132871926 0.111954592 0.166052133 -0.029214049 0.979305565
1341846322.534002 -0.891340077 0.076408044 0.130919963 0.119968817 0.164985672 -0.027956899 0.978573203
1341846322.570196 -0.894472599 0.077551857 0.129385754 0.131246403 0.164608479 -0.027299728 0.977206767
1341846322.601920 -0.904165924 0.069626346 0.128086478 0.136367857 0.162004247 -0.026244730 0.976969600
1341846322.638119 -0.888332307 0.052666094 0.132322907 0.141157925 0.157665789 -0.027523477 0.976963818
1341846322.669947 -0.874999106 0.045607250 0.123697236 0.145623371 0.159614965 -0.028247571 0.975970745
1341846322.702026 -0.896143854 0.036178868 0.129371554 0.148644790 0.162797868 -0.027747137 0.975003362
1341846322.738006 -0.889819324 0.037996661 0.128555343 0.150746837 0.159561202 -0.026172649 0.975259244
1341846322.770087 -0.882753193 0.016472828 0.126720965 0.149949580 0.159795895 -0.025923040 0.975350380
1341846322.806047 -0.890724301 0.003532846 0.130204484 0.153385118 0.159862399 -0.024699377 0.974836886
1341846322.838063 -0.892664731 0.001358092 0.130770162 0.155672744 0.155313283 -0.023331832 0.975243211
1341846322.870081 -0.890833914 -0.015660357 0.131680071 0.157320395 0.150291890 -0.023493972 0.975761533
1341846322.906018 -0.873366773 -0.018886108 0.130514786 0.162309065 0.147421107 -0.023180250 0.975389898
1341846322.938349 -0.874034703 -0.001241427 0.139842004 0.164302289 0.148586556 -0.022114448 0.974903941
1341846322.970069 -0.877724349 -0.015022032 0.134775817 0.159255102 0.148800135 -0.020820593 0.975737035
1341846323.011820 -0.873300016 -0.028947987 0.140399873 0.156799465 0.149133563 -0.020268295 0.976095438
1341846323.073951 -0.875386775 -0.029255729 0.145358846 0.154816717 0.149048090 -0.015539336 0.976511657
1341846323.105962 -0.871444762 -0.051143292 0.142086923 0.151261464 0.148772150 -0.014641736 0.977124572
1341846323.138158 -0.874285221 -0.051661920 0.138274312 0.151374400 0.149204656 -0.018356301 0.976978362
1341846323.174092 -0.875518799 -0.053798843 0.134097457 0.149393857 0.148875281 -0.018912423 0.977322817
1341846323.206059 -0.863696754 -0.066865839 0.132708266 0.145491615 0.147759527 -0.021057911 0.978036761
1341846323.238053 -0.862796068 -0.062168587 0.140807927 0.143976375 0.151203409 -0.021993374 0.977713943
1341846323.273997 -0.884742320 -0.058914881 0.136477217 0.140128210 0.152751982 -0.021752778 0.978037655
1341846323.305946 -0.876464367 -0.073085360 0.145003408 0.134969652 0.148818180 -0.019225843 0.979421616
1341846323.342027 -0.845244825 -0.091859922 0.133183718 0.132148445 0.148463532 -0.020063706 0.979843259
1341846323.374048 -0.866840541 -0.101046443 0.143978745 0.132620350 0.153258190 -0.018562011 0.979070604
1341846323.405987 -0.886889458 -0.109211065 0.131967098 0.133139625 0.149891019 -0.014039412 0.979596555
1341846323.441956 -0.868714869 -0.119292296 0.135611743 0.134657741 0.144725502 -0.012112649 0.980191350
1341846323.473878 -0.865068018 -0.128273010 0.130858690 0.138385028 0.145844638 -0.014141670 0.979478896
1341846323.506129 -0.871490359 -0.119660959 0.136618122 0.141096339 0.146044806 -0.017127315 0.979014516
1341846323.541972 -0.863033175 -0.122830041 0.133868754 0.139338046 0.145620614 -0.018610643 0.979302406
1341846323.573913 -0.841384828 -0.147562027 0.113489963 0.136569068 0.148536101 -0.023270965 0.979154885
1341846323.609927 -0.858291984 -0.143547103 0.127188131 0.137309670 0.156018227 -0.027177379 0.977786124
1341846323.642014 -0.872165680 -0.151775688 0.134196609 0.136489972 0.158476815 -0.026344772 0.977528274
1341846323.674081 -0.874970019 -0.165458500 0.130156755 0.136443421 0.156811029 -0.024265680 0.977857172
1341846323.710069 -0.873864532 -0.183285698 0.128322393 0.138118714 0.155210570 -0.019836158 0.977977157
1341846323.742111 -0.876784861 -0.192444995 0.120253965 0.142419070 0.152979180 -0.020498741 0.977698326
1341846323.774928 -0.868638992 -0.196353316 0.115872763 0.145066157 0.149973467 -0.023157410 0.977715433
1341846323.810012 -0.868966401 -0.196823210 0.119853139 0.146066040 0.149186730 -0.027685784 0.977569163
1341846323.842207 -0.868736386 -0.201401830 0.108818635 0.146536395 0.149346948 -0.032400046 0.977329433
1341846323.878019 -0.886827230 -0.197535932 0.115408778 0.147532493 0.150063604 -0.038166795 0.976861477
1341846323.909826 -0.881346941 -0.221636936 0.109258309 0.149079531 0.147954345 -0.041769218 0.976800978
1341846323.942459 -0.881480098 -0.222274765 0.107398026 0.152313918 0.147649094 -0.042291846 0.976325572
1341846323.978055 -0.886456847 -0.231748968 0.107272580 0.154747352 0.144654334 -0.040910829 0.976450026
1341846324.015934 -0.878999233 -0.231394872 0.101440690 0.158629805 0.141958058 -0.041662876 0.976190925
1341846324.047722 -0.876242936 -0.222663820 0.104324400 0.161840022 0.143435851 -0.042994890 0.975389898
1341846324.083904 -0.876053572 -0.206334919 0.105651230 0.162548572 0.144806758 -0.044014752 0.975023925
1341846324.115968 -0.873220444 -0.206605315 0.101544842 0.159916624 0.146507934 -0.045148853 0.975153148
1341846324.151967 -0.868880093 -0.203361094 0.102367163 0.159137130 0.149183258 -0.049044032 0.974686801
1341846324.183941 -0.873804867 -0.183425844 0.113867067 0.156645760 0.154244348 -0.052946944 0.974098265
1341846324.219984 -0.879532397 -0.188005492 0.110604204 0.152270555 0.156292737 -0.050612632 0.974589467
1341846324.251968 -0.879157364 -0.184917420 0.114820383 0.151458651 0.156355485 -0.050603863 0.974706352
1341846324.284052 -0.883817792 -0.172866568 0.115474917 0.152388930 0.156001195 -0.051884029 0.974550843
1341846324.319880 -0.891223550 -0.150765002 0.116897896 0.151550904 0.152991116 -0.052633241 0.975118339
1341846324.351917 -0.882676959 -0.134845376 0.124547921 0.148434579 0.149406523 -0.052818924 0.976142943
1341846324.388001 -0.872726142 -0.124519914 0.118645996 0.143871218 0.149405390 -0.056252256 0.976634383
1341846324.419908 -0.879025996 -0.114005841 0.130665705 0.138547629 0.152619913 -0.058997490 0.976745129
1341846324.452027 -0.876578867 -0.113979787 0.133738905 0.134086430 0.152742282 -0.057986949 0.977408886
1341846324.487928 -0.881611168 -0.109862097 0.135167986 0.132879540 0.152684242 -0.055366129 0.977734685
1341846324.519985 -0.891593099 -0.098067731 0.140723452 0.132351905 0.150879845 -0.050838053 0.978332102
1341846324.556001 -0.887980402 -0.079723798 0.139493257 0.131614998 0.145425737 -0.046338435 0.979480267
1341846324.587888 -0.883312643 -0.067768313 0.145467594 0.128695488 0.142173305 -0.043983925 0.980453789
1341846324.620086 -0.881965220 -0.065454014 0.145655721 0.125803590 0.139944464 -0.046136986 0.981050611
1341846324.655955 -0.875780225 -0.050921537 0.145398602 0.124706522 0.138477072 -0.047171753 0.981349707
1341846324.688082 -0.876391172 -0.049122754 0.154574960 0.124153659 0.138850853 -0.046353783 0.981405914
1341846324.755922 -0.892963707 -0.009625532 0.159969315 0.126690581 0.136448577 -0.043501861 0.981549203
1341846324.814016 -0.872036636 0.028642304 0.156834632 0.121746361 0.130069092 -0.045633841 0.982943237
1341846324.849979 -0.877556086 0.032586750 0.166944385 0.115692377 0.133918628 -0.047058612 0.983090281
1341846324.881924 -0.890409052 0.037389569 0.183547407 0.112601027 0.133816779 -0.047095601 0.983461261
1341846324.913902 -0.885298133 0.044367857 0.175919265 0.111710057 0.131845698 -0.043287110 0.984003961
1341846324.949999 -0.886965513 0.040130556 0.180776060 0.112309135 0.131695464 -0.040363602 0.984080136
1341846324.981922 -0.897230148 0.047488417 0.186494976 0.117311664 0.129499063 -0.037968535 0.983883321
1341846325.018013 -0.895781219 0.061882950 0.188843787 0.121889137 0.124296099 -0.037096050 0.984031200
1341846325.050079 -0.899371028 0.078115694 0.185091063 0.123856813 0.119094372 -0.038329095 0.984381497
1341846325.081901 -0.896312833 0.097019710 0.173719108 0.122890443 0.113847420 -0.040298507 0.985044539
1341846325.118531 -0.885646641 0.111649059 0.168976605 0.118632928 0.112070903 -0.041514665 0.985719442
1341846325.149933 -0.885855138 0.110763721 0.184090555 0.112493083 0.115070798 -0.041762557 0.986083090
1341846325.181925 -0.887986183 0.116790764 0.184306115 0.109853573 0.116152920 -0.038707782 0.986378431
1341846325.218055 -0.885750115 0.122404493 0.190692022 0.107712850 0.116016552 -0.034006730 0.986803770
1341846325.249811 -0.889139593 0.131599739 0.194622964 0.106558651 0.116146244 -0.030354325 0.987032890
1341846325.285925 -0.886237383 0.143054232 0.194145352 0.104711391 0.115348548 -0.027186599 0.987416387
1341846325.317988 -0.870558262 0.136552900 0.193261042 0.102201968 0.116627596 -0.023616288 0.987620890
1341846325.349844 -0.874877989 0.134795070 0.200131595 0.105421767 0.121767633 -0.022101898 0.986696720
1341846325.387302 -0.874020696 0.146445990 0.200943440 0.110716626 0.124115720 -0.020373831 0.985861063
1341846325.417931 -0.856586099 0.149301186 0.197650194 0.113781683 0.127463102 -0.017516535 0.985139608
1341846325.450747 -0.849214137 0.139520019 0.196951538 0.118096747 0.134452671 -0.015900144 0.983729064
1341846325.485954 -0.868256271 0.162896216 0.205697864 0.127868459 0.142683223 -0.015197261 0.981356323
1341846325.517875 -0.867706478 0.170719355 0.204412669 0.131382272 0.144885898 -0.013912644 0.980588198
1341846325.553859 -0.868718326 0.179069534 0.211621612 0.135048807 0.148645759 -0.014130049 0.979523659
1341846325.585855 -0.871509194 0.196410358 0.207800314 0.137090147 0.151509404 -0.016359257 0.978766322
1341846325.617990 -0.874189615 0.215190694 0.210336432 0.134856746 0.153473839 -0.016719881 0.978764474
1341846325.653982 -0.874249101 0.198462203 0.215145662 0.130289927 0.155784994 -0.019437147 0.978967667
1341846325.685819 -0.875741720 0.202467471 0.215596497 0.135997981 0.156923875 -0.018936774 0.978018820
1341846325.717857 -0.879560053 0.217558220 0.231290668 0.142212033 0.157990247 -0.013269083 0.977056146
1341846325.754083 -0.883619785 0.216085687 0.229209960 0.145310417 0.157817602 -0.009078070 0.976676047
1341846325.786087 -0.875965059 0.221285507 0.222803071 0.151461378 0.157467633 -0.008954230 0.975798726
1341846325.821856 -0.873817861 0.243461639 0.231629461 0.156557932 0.159038201 -0.007963142 0.974747658
1341846325.853827 -0.883033752 0.249770269 0.234160021 0.157712504 0.159867674 -0.004957083 0.974445760
1341846325.885958 -0.892704546 0.261775821 0.230746359 0.158943877 0.157262206 0.000767310 0.974681973
1341846325.921984 -0.883405745 0.265873164 0.240456641 0.158806399 0.152806431 0.005159765 0.975399435
1341846325.953899 -0.867772639 0.267413646 0.232361704 0.161508545 0.151283234 0.006673258 0.975184023
1341846325.985823 -0.867965937 0.280664682 0.240695044 0.165073931 0.153948888 0.010448029 0.974136114
1341846326.021991 -0.875775337 0.283703923 0.243880808 0.168612748 0.154478014 0.014928052 0.973387659
1341846326.054055 -0.870437086 0.294542730 0.246193886 0.174187988 0.152925000 0.018244380 0.972594321
1341846326.089984 -0.865967155 0.314906955 0.243469328 0.177333936 0.154481471 0.017002204 0.971801996
1341846326.121822 -0.864810884 0.323584169 0.247616246 0.176474184 0.158762276 0.014710693 0.971305847
1341846326.154079 -0.867237985 0.324672699 0.252047479 0.176762223 0.161175698 0.013491192 0.970873594
1341846326.190178 -0.869207740 0.336506695 0.257442594 0.179637700 0.160650820 0.015936567 0.970395625
1341846326.222162 -0.871945620 0.357030004 0.267168224 0.180686623 0.159138530 0.021801984 0.970335960
1341846326.259181 -0.873193681 0.367207050 0.267146945 0.178066790 0.156752259 0.025711924 0.971112728
1341846326.322766 -0.866630137 0.392283916 0.274152964 0.171279415 0.156744793 0.025216116 0.972346961
1341846326.359773 -0.866261661 0.395793617 0.273479700 0.166907564 0.158572301 0.023823800 0.972845912
1341846326.392109 -0.860221565 0.388266116 0.278351277 0.165076718 0.159974337 0.025610294 0.972883344
1341846326.423985 -0.865857184 0.395753741 0.283960551 0.170305356 0.161133662 0.029243032 0.971687615
1341846326.459869 -0.871052444 0.412568539 0.286885470 0.173427641 0.158643156 0.032118473 0.971454382
1341846326.526163 -0.854618430 0.443683356 0.287357360 0.173473239 0.159200996 0.031768590 0.971366465
1341846326.560211 -0.848707318 0.444091648 0.296972007 0.168058082 0.162873358 0.033728465 0.971643507
1341846326.591828 -0.852443874 0.453305870 0.300915837 0.165094942 0.164787531 0.036857888 0.971715093
1341846326.627027 -0.851927876 0.464235812 0.299447894 0.164901599 0.166718036 0.035750728 0.971459925
1341846326.658442 -0.849456191 0.482087135 0.307628930 0.163350940 0.170615613 0.034339979 0.971096039
1341846326.694856 -0.848394692 0.495790064 0.314052939 0.160355553 0.174146339 0.035199866 0.970937729
1341846326.726206 -0.850379050 0.510782123 0.305772841 0.154784247 0.175206229 0.035338331 0.971645892
1341846326.762753 -0.843749285 0.522920966 0.317056596 0.148578838 0.178421870 0.031901043 0.972148299
1341846326.826821 -0.845820844 0.550939202 0.322223186 0.133062303 0.185111791 0.029963590 0.973206162
1341846326.858887 -0.846620977 0.550349593 0.328666866 0.124713227 0.186734512 0.030347416 0.973989666
1341846326.895360 -0.851385593 0.552937686 0.345664203 0.122918911 0.187425852 0.031046977 0.974062920
1341846326.926897 -0.852052033 0.557266176 0.351430476 0.124770060 0.183925629 0.032316349 0.974453390
1341846326.958888 -0.843643904 0.576350272 0.344121665 0.128475428 0.180271834 0.035327192 0.974550188
1341846326.994594 -0.840681314 0.583365083 0.334320366 0.129133701 0.179957271 0.038853392 0.974387109
1341846327.026301 -0.838863134 0.599510252 0.336496353 0.127609283 0.181316242 0.037810098 0.974377096
1341846327.063945 -0.837832153 0.600822926 0.339098990 0.123224132 0.184328705 0.034821086 0.974487662
1341846327.094662 -0.835894167 0.608916163 0.344003260 0.122643366 0.186427817 0.032787122 0.974232137
1341846327.128901 -0.836501896 0.618859887 0.350837469 0.121867530 0.186719880 0.032005627 0.974299550
1341846327.161940 -0.836818397 0.632149458 0.348212957 0.120936565 0.185609147 0.031629104 0.974640012
1341846327.193867 -0.829130173 0.633494318 0.350842595 0.118906341 0.186798006 0.030276507 0.974705637
1341846327.229885 -0.829372048 0.646817386 0.352159619 0.119526513 0.190545723 0.028029393 0.973971307
1341846327.262014 -0.815878153 0.658382535 0.361907661 0.119010888 0.194547310 0.024979101 0.973326147
1341846327.294023 -0.782498837 0.659249246 0.352188647 0.120658055 0.201663211 0.022238888 0.971740186
1341846327.330015 -0.800083518 0.689325929 0.351176143 0.124402367 0.213307545 0.018279558 0.968860030
1341846327.361939 -0.823231339 0.700092196 0.355330914 0.120849125 0.222260982 0.013082891 0.967380166
1341846327.393887 -0.818807065 0.709889293 0.371047854 0.118509404 0.225044236 0.006370367 0.967093587
1341846327.429966 -0.821743906 0.736391723 0.370873570 0.118566036 0.224323720 0.007644685 0.967244804
1341846327.461965 -0.829647601 0.742246926 0.377942920 0.109302796 0.221511111 0.006906359 0.968988180
1341846327.497931 -0.816897869 0.743138850 0.386799753 0.102790110 0.219773293 0.004650899 0.970109403
1341846327.530068 -0.812277019 0.765577078 0.397285640 0.104333937 0.219880506 0.008662577 0.969892740
1341846327.561895 -0.814871430 0.775577426 0.410807967 0.103865042 0.217823312 0.014155217 0.970342577
1341846327.598010 -0.820279360 0.776595652 0.412147194 0.105202541 0.215182006 0.018711645 0.970710576
1341846327.629945 -0.831492722 0.793319881 0.410541415 0.104662217 0.210912585 0.015899874 0.971755564
1341846327.662003 -0.817075849 0.796484768 0.417491615 0.104734875 0.207018346 0.013778579 0.972617149
1341846327.697919 -0.819164336 0.816966295 0.417124689 0.107974619 0.206351876 0.013596168 0.972407103
1341846327.730075 -0.818587005 0.835505784 0.420055211 0.103677891 0.205481410 0.014067865 0.973052084
1341846327.766017 -0.817268491 0.842384636 0.423287392 0.099360973 0.205082774 0.016394066 0.973550022
1341846327.797917 -0.814994097 0.863889873 0.424732834 0.095976464 0.204499349 0.018607877 0.973972440
1341846327.830054 -0.819540203 0.863658547 0.428848952 0.088122457 0.205348969 0.019842437 0.974511445
1341846327.865944 -0.816510379 0.868381441 0.430008858 0.084250718 0.206558555 0.021016227 0.974573553
1341846327.898010 -0.813774645 0.883814156 0.435766101 0.082493879 0.206973031 0.022572599 0.974601150
1341846327.929991 -0.811917424 0.890526533 0.436327219 0.077487879 0.205512226 0.020886047 0.975358486
1341846327.966065 -0.809267640 0.905595660 0.435720772 0.073719978 0.205730587 0.019069519 0.975641668
1341846327.998073 -0.807546854 0.917183101 0.436126381 0.066849835 0.206641108 0.017030956 0.975981832
1341846328.034045 -0.808561325 0.916004300 0.436726332 0.060315609 0.207983866 0.016822293 0.976125896
1341846328.065993 -0.810742557 0.918183744 0.440226376 0.055197805 0.209169030 0.018254025 0.976149738
1341846328.098045 -0.812280715 0.898724616 0.443491071 0.051869225 0.209921405 0.019218856 0.976152241
1341846328.133967 -0.815794766 0.899555087 0.441337109 0.055978719 0.208750620 0.022604113 0.976103783
1341846328.166023 -0.818846583 0.894706845 0.436503232 0.055215694 0.205674484 0.024046432 0.976765573
1341846328.198018 -0.817346215 0.877711773 0.431702554 0.053214267 0.202988699 0.020593949 0.977517128
1341846328.234044 -0.819450438 0.868888199 0.427079618 0.055433229 0.201649874 0.018970948 0.977703750
1341846328.265899 -0.821592867 0.861971974 0.421652913 0.057856824 0.199582979 0.020034736 0.977966189
1341846328.302051 -0.821070671 0.840439796 0.424522877 0.060059998 0.199306980 0.019434873 0.977901697
1341846328.333917 -0.822930634 0.823199689 0.422295541 0.062805384 0.199025825 0.021927664 0.977733791
1341846328.366008 -0.824257433 0.814333677 0.424582005 0.069031961 0.198557004 0.018084485 0.977487922
1341846328.402010 -0.830682456 0.776918113 0.413503885 0.079168402 0.201195806 0.017733485 0.976185501
1341846328.433920 -0.834746420 0.767211139 0.407025576 0.082910679 0.199427828 0.017678697 0.976238608
1341846328.470003 -0.827943802 0.744235694 0.394984633 0.081432275 0.197759509 0.010232585 0.976808727
1341846328.502194 -0.821719408 0.720088124 0.384029776 0.081250392 0.198796272 0.003654120 0.976660132
1341846328.534033 -0.826327205 0.696456194 0.385527968 0.080802515 0.202446684 -0.000065225 0.975954056
1341846328.570125 -0.827944696 0.676962435 0.382131487 0.082956225 0.202516913 0.001274629 0.975757897
1341846328.602804 -0.838500261 0.656880319 0.375255942 0.089431018 0.197895110 0.004337203 0.976125419
1341846328.672663 -0.831612945 0.617424309 0.355270267 0.097648785 0.183587626 0.000119332 0.978141248
1341846328.702975 -0.820813477 0.602253318 0.354367763 0.100292794 0.179363489 -0.000967871 0.978656828
1341846328.770129 -0.819336116 0.567969620 0.341222495 0.107106864 0.175727546 -0.005092288 0.978581607
1341846328.802331 -0.818059683 0.551460147 0.344333291 0.107812896 0.172490314 -0.004122793 0.979084492
1341846328.838051 -0.820547223 0.536248744 0.338991463 0.111192308 0.171444222 -0.009457623 0.978853226
1341846328.869939 -0.818409860 0.541001916 0.330363929 0.111900337 0.169714689 -0.010252558 0.979065955
1341846328.904486 -0.820983648 0.523347974 0.327641726 0.107296206 0.167029724 -0.009284433 0.980052233
1341846328.939814 -0.817711174 0.487687260 0.325922430 0.108316921 0.164179251 -0.010429446 0.980410039
1341846328.970217 -0.817699134 0.487299621 0.319165945 0.112923771 0.162002981 -0.008244992 0.980273008
1341846329.006232 -0.816421986 0.473820746 0.315109700 0.114296176 0.159137115 -0.004078513 0.980609536
1341846329.038243 -0.815108836 0.451497704 0.311720103 0.116941787 0.157936677 -0.004356076 0.980490506
1341846329.106125 -0.815343022 0.454947263 0.291579664 0.120610721 0.157272011 -0.005372366 0.980147779
1341846329.138340 -0.815588653 0.433836877 0.296014547 0.120999292 0.156790510 -0.008131578 0.980158031
1341846329.169991 -0.816694796 0.439310908 0.286157817 0.123926625 0.155489653 -0.009708691 0.979985178
1341846329.208656 -0.815366030 0.429350525 0.285267234 0.124042921 0.154630333 -0.011347820 0.980088770
1341846329.238169 -0.812260509 0.427426994 0.283313900 0.123736128 0.153182790 -0.010424155 0.980365098
1341846329.273827 -0.810201049 0.412737876 0.282030612 0.121553339 0.151955456 -0.009360367 0.980839789
1341846329.306052 -0.811852515 0.413772732 0.278185010 0.122436069 0.149586737 -0.010486226 0.981082678
1341846329.338104 -0.809188604 0.414175928 0.271609515 0.118914917 0.147962764 -0.012048364 0.981743872
1341846329.373907 -0.810785472 0.388190597 0.272848189 0.114171743 0.147570267 -0.013030753 0.982353270
1341846329.405985 -0.810388446 0.379576802 0.270594656 0.114968732 0.145957008 -0.015619483 0.982463598
1341846329.442057 -0.810574412 0.378389567 0.264756739 0.114148423 0.145776972 -0.018904405 0.982528269
1341846329.473950 -0.817773938 0.361021250 0.258964002 0.111373901 0.145450726 -0.025287434 0.982751489
1341846329.506147 -0.817115366 0.358594120 0.258376837 0.111484259 0.143546894 -0.028340096 0.982935607
1341846329.542121 -0.820613801 0.345234931 0.251818091 0.109001942 0.140623331 -0.027814625 0.983651340
1341846329.574086 -0.817176044 0.326076388 0.251813173 0.110688806 0.138119936 -0.029673783 0.983763337
1341846329.606387 -0.821481526 0.326936305 0.242789239 0.113193557 0.137952179 -0.031874362 0.983432949
1341846329.641955 -0.823951602 0.323731631 0.241399586 0.113311410 0.136753798 -0.031117851 0.983610988
1341846329.681570 -0.830712914 0.309705019 0.235304281 0.111750431 0.134392902 -0.031363014 0.984107077
1341846329.748113 -0.824083447 0.305353522 0.231377631 0.113860503 0.133883268 -0.034012306 0.983846605
1341846329.810175 -0.828152835 0.277296454 0.230462074 0.111907348 0.137124941 -0.028852711 0.983789086
1341846329.842255 -0.833042264 0.269657195 0.226232231 0.113737844 0.137416437 -0.026042387 0.983616889
1341846329.874044 -0.831504464 0.262496948 0.227744997 0.116012856 0.136839300 -0.022837985 0.983511329
1341846329.910073 -0.834628820 0.269162923 0.224166483 0.116983250 0.136486053 -0.021209897 0.983481884
1341846329.942009 -0.836685658 0.266914219 0.225587308 0.113270842 0.136198714 -0.015160503 0.984067976
1341846329.978087 -0.837104738 0.241252229 0.223952860 0.110609993 0.135944411 -0.013398061 0.984431326
1341846330.016305 -0.831488669 0.247288615 0.218527690 0.112448901 0.136242896 -0.015143937 0.984156370
1341846330.048192 -0.839513361 0.257354677 0.217159033 0.109733075 0.138301164 -0.014033038 0.984192312
1341846330.080418 -0.840790927 0.234168261 0.217551321 0.104734704 0.138377488 -0.011193425 0.984762430
1341846330.115886 -0.839481592 0.217582077 0.213410422 0.107312649 0.139381155 -0.010071507 0.984355330
1341846330.147839 -0.845470786 0.233184159 0.212386221 0.110618778 0.139735416 -0.008957338 0.983949840
1341846330.181257 -0.847178996 0.247296572 0.211473912 0.106833763 0.139427111 -0.005155150 0.984438956
1341846330.215852 -0.842939973 0.230435282 0.211475119 0.099910498 0.140084937 -0.004444488 0.985075831
1341846330.247833 -0.849231005 0.224880010 0.216126561 0.097936943 0.141153991 -0.005595801 0.985115528
1341846330.283913 -0.851419508 0.243938774 0.214590102 0.095947094 0.140707418 -0.004818415 0.985379338
1341846330.316011 -0.854483187 0.223236084 0.213881761 0.088197924 0.140313596 -0.004255217 0.986161828
1341846330.347868 -0.854183078 0.214739144 0.213021606 0.085609511 0.138529763 -0.004386292 0.986641407
1341846330.383835 -0.850809455 0.212501392 0.212466955 0.083932079 0.137865603 -0.004057311 0.986879945
1341846330.415934 -0.854857266 0.196139783 0.211753473 0.082436495 0.139245436 -0.005722204 0.986804008
1341846330.452561 -0.857951164 0.196254835 0.208593994 0.085172594 0.138735905 -0.007244205 0.986633420
1341846330.483903 -0.862965286 0.202277258 0.206855357 0.085966028 0.136992797 -0.004744357 0.986823380
1341846330.515970 -0.864032924 0.192553714 0.204336733 0.084416084 0.134661928 -0.001257878 0.987288475
1341846330.552099 -0.862525463 0.189353853 0.202516779 0.086048543 0.133031905 0.000768395 0.987369001
1341846330.583876 -0.863455415 0.199826494 0.206230760 0.086305365 0.132760018 0.001251353 0.987382710
1341846330.619992 -0.872123897 0.209106997 0.201980352 0.082139686 0.132173195 0.001662010 0.987816036
1341846330.652136 -0.869448006 0.201890275 0.199810639 0.075240977 0.130704790 0.000343331 0.988562047
1341846330.683796 -0.872845590 0.196643084 0.196985483 0.070242763 0.131122202 0.000207450 0.988874555
1341846330.719991 -0.882006228 0.181930467 0.191459209 0.067125343 0.129391938 0.001683469 0.989317477
1341846330.752103 -0.884779215 0.177466750 0.191731200 0.069189720 0.125092804 0.005545994 0.989713967
1341846330.787952 -0.894582331 0.187103629 0.185787886 0.071609512 0.120688543 0.008653028 0.990066409
1341846330.819823 -0.890245736 0.188843921 0.180132747 0.071445867 0.115834460 0.009615853 0.990648985
1341846330.852208 -0.893334329 0.197740525 0.178841025 0.071598440 0.114516348 0.009949542 0.990787864
1341846330.914111 -0.894964576 0.209167212 0.177130446 0.062655978 0.111208640 0.010963823 0.991759360
1341846330.949903 -0.900833786 0.195805684 0.174546286 0.059147291 0.110486992 0.011950530 0.992044032
1341846330.981986 -0.910904944 0.198308349 0.169875145 0.060151324 0.106540255 0.011864245 0.992416322
1341846331.014111 -0.907326937 0.204127923 0.170351371 0.059985239 0.102105826 0.012307705 0.992887020
1341846331.082139 -0.910211623 0.200322032 0.164379537 0.060643505 0.099431284 0.008970507 0.993154228
1341846331.114334 -0.914731801 0.201266587 0.164174661 0.060183294 0.097557507 0.007909708 0.993377030
1341846331.149989 -0.918814957 0.193483666 0.164799809 0.059965689 0.097335145 0.005746995 0.993426859
1341846331.181954 -0.917243421 0.191913426 0.160176978 0.062821664 0.096495666 0.005229864 0.993335128
1341846331.218151 -0.926780820 0.207962409 0.152781263 0.063382350 0.093693264 0.006040680 0.993563175
1341846331.249914 -0.909671187 0.195675477 0.163462117 0.060419049 0.090720028 0.006075311 0.994023383
1341846331.318141 -0.905897677 0.199970275 0.164115146 0.070615694 0.100815579 -0.000128637 0.992395878
1341846331.349926 -0.902491987 0.199425980 0.157324374 0.069316730 0.102879688 -0.000766850 0.992275357
1341846331.382003 -0.858474135 0.171436578 0.155698970 0.070315838 0.106366262 -0.000940282 0.991837204
1341846331.418008 -0.877879798 0.182893679 0.160994321 0.078183219 0.117150381 -0.001071374 0.990031362
1341846331.450327 -0.888323307 0.194054574 0.175024658 0.080959745 0.123590894 -0.002493583 0.989022076
1341846331.486219 -0.894004941 0.205023408 0.186144710 0.081886463 0.126225919 -0.002071699 0.988613844
1341846331.518344 -0.881351113 0.200213566 0.180562943 0.080193423 0.125936851 -0.002397211 0.988788724
1341846331.550202 -0.875191391 0.191804752 0.183955535 0.081918232 0.130381733 -0.003800163 0.988066614
1341846331.586139 -0.883753836 0.208387494 0.196974218 0.085097186 0.132642522 -0.004437114 0.987494171
1341846331.617931 -0.874974608 0.210496813 0.204868913 0.084469132 0.132186189 -0.004125684 0.987610638
1341846331.654027 -0.866626501 0.202303469 0.206531778 0.084767833 0.134222537 -0.003046193 0.987314284
1341846331.686123 -0.870435119 0.212912455 0.217147559 0.087935992 0.137519002 -0.001977140 0.986585975
1341846331.717954 -0.874111772 0.224644437 0.226338550 0.085609496 0.136978433 -0.001804099 0.986866057
1341846331.754076 -0.854679406 0.206860006 0.232461721 0.082133345 0.136310831 -0.001841033 0.987253845
1341846331.785920 -0.855289280 0.205071047 0.240074322 0.084748901 0.139657497 -0.003935718 0.986558616
1341846331.818053 -0.854374170 0.217966482 0.255700529 0.086211495 0.141355112 -0.003758572 0.986190736
1341846331.853849 -0.850314558 0.208251745 0.262998998 0.084174104 0.141730964 -0.004317831 0.986310542
1341846331.885987 -0.840096951 0.205203921 0.272516668 0.086793259 0.143788472 -0.006435469 0.985773981
1341846331.922014 -0.839383185 0.212286592 0.283382535 0.088842101 0.147123381 -0.008035433 0.985087395
1341846331.954037 -0.827260494 0.213753715 0.290967137 0.089146197 0.149052978 -0.006948999 0.984778106
1341846331.986135 -0.820978880 0.199150413 0.293384552 0.091046095 0.154619068 -0.005130418 0.983756661
1341846332.022364 -0.825783014 0.196449250 0.317494065 0.098115280 0.159762263 -0.006099957 0.982248545
1341846332.054175 -0.824965179 0.200925961 0.335393339 0.104812674 0.159782007 -0.005693770 0.981555700
1341846332.086502 -0.818599701 0.201519281 0.343050033 0.107492164 0.159302235 -0.004259677 0.981351137
1341846332.122051 -0.819628000 0.205524266 0.355719030 0.109341949 0.160888836 -0.005888601 0.980879426
1341846332.153983 -0.818820715 0.221536472 0.367242903 0.108344890 0.160779640 -0.008230500 0.980991125
1341846332.190165 -0.815755188 0.223966733 0.383414686 0.102297373 0.159368217 -0.008870028 0.981864750
1341846332.254145 -0.809598625 0.198510498 0.406963766 0.100285232 0.160054401 -0.011054417 0.981938541
1341846332.289948 -0.806689918 0.202011004 0.423094392 0.102958426 0.159576714 -0.009050964 0.981760144
1341846332.322172 -0.802261949 0.199365526 0.430254340 0.103762478 0.158803433 -0.007364867 0.981814921
1341846332.354003 -0.792998433 0.194154277 0.434251428 0.105387881 0.160320446 -0.010954985 0.981361687
1341846332.390180 -0.799522102 0.206679508 0.436596692 0.107250288 0.165870443 -0.015068568 0.980182290
1341846332.422055 -0.791802883 0.207883254 0.456467450 0.105177365 0.167944402 -0.017161258 0.980019331
1341846332.458114 -0.784662843 0.201813594 0.459445328 0.103623614 0.169906944 -0.020888573 0.979774177
1341846332.489993 -0.787693977 0.208983004 0.479065597 0.105693869 0.172221661 -0.018874245 0.979189634
1341846332.522130 -0.788772762 0.212918520 0.499189049 0.106428102 0.168571949 -0.013097892 0.979839265
1341846332.558114 -0.786813378 0.207888797 0.501581013 0.106672324 0.163153797 -0.007494096 0.980788350
1341846332.589874 -0.774555922 0.217330828 0.497970045 0.107766584 0.158951014 -0.002346582 0.981384456
1341846332.621889 -0.771442950 0.224886715 0.509702265 0.104459643 0.159212857 -0.000280648 0.981702268
1341846332.658202 -0.759718835 0.216105327 0.518563032 0.099817738 0.159076124 -0.000288797 0.982207298
1341846332.690001 -0.755094767 0.218730330 0.528747201 0.098364495 0.159912199 0.001426254 0.982217133
1341846332.726000 -0.754929006 0.211429223 0.544347525 0.097287148 0.159257114 0.005640342 0.982415676
1341846332.758386 -0.746926546 0.211422831 0.546662748 0.097905852 0.156141996 0.006749595 0.982847154
1341846332.789937 -0.735356212 0.220621914 0.552350223 0.097823210 0.156588301 0.004936356 0.982795179
1341846332.825925 -0.731045067 0.218329668 0.564244032 0.095451437 0.159211263 0.004109216 0.982610762
1341846332.857898 -0.726364493 0.214544564 0.569715381 0.095893636 0.160165578 0.003906499 0.982413471
1341846332.894069 -0.724603891 0.228304297 0.579729199 0.096668035 0.160423368 0.003317001 0.982297659
1341846332.926029 -0.717123985 0.231779322 0.584750056 0.093233958 0.160840780 0.001973216 0.982564867
1341846332.958015 -0.710130870 0.231524557 0.592879593 0.089873224 0.163069114 -0.000303556 0.982512653
1341846332.994073 -0.708919525 0.233740807 0.598698914 0.086798333 0.164873913 -0.001726328 0.982486486
1341846333.026545 -0.696915507 0.233441040 0.605612159 0.084161080 0.165128753 -0.002788790 0.982670665
1341846333.057998 -0.686872005 0.231304288 0.608782172 0.083023928 0.166382551 -0.001367758 0.982558966
1341846333.094024 -0.685100794 0.231555909 0.620686710 0.084043063 0.168586761 0.001119375 0.982096732
1341846333.126095 -0.678422928 0.236272514 0.621376157 0.085161470 0.169510081 0.003400691 0.981836200
1341846333.161973 -0.672452629 0.242302150 0.626806259 0.084898174 0.171941161 0.004771366 0.981430471
1341846333.195660 -0.670573652 0.240768135 0.632075667 0.082480811 0.173995271 0.007455450 0.981257856
1341846333.226331 -0.670249343 0.240482494 0.635642350 0.080459021 0.175283745 0.006559877 0.981202781
1341846333.262056 -0.666930497 0.247822553 0.639119744 0.077660710 0.175718427 0.005063981 0.981359363
1341846333.294147 -0.665225744 0.244052485 0.644642532 0.074091256 0.175908372 0.005159234 0.981600761
1341846333.326100 -0.659630895 0.248167783 0.646139741 0.072847567 0.174082965 0.003662078 0.982025921
1341846333.362100 -0.656406760 0.254599154 0.647419691 0.069895141 0.173622459 0.002999982 0.982324243
1341846333.394119 -0.654370964 0.244413286 0.652775288 0.065566689 0.172593802 0.004100826 0.982799888
1341846333.429974 -0.650012970 0.247473657 0.655314326 0.065366901 0.170562714 0.003293221 0.983170748
1341846333.462115 -0.647152245 0.245729119 0.653934717 0.064962529 0.170630410 0.002194969 0.983188868
1341846333.494040 -0.645115376 0.245948225 0.656081915 0.065670580 0.171392724 0.001046443 0.983011067
1341846333.529953 -0.641067624 0.246783808 0.654528737 0.066602454 0.172184318 0.000669006 0.982810378
1341846333.562063 -0.644090414 0.249703005 0.658839107 0.068096973 0.174965799 0.001863086 0.982214987
1341846333.594090 -0.646306336 0.256352931 0.661931992 0.067258708 0.174186766 0.003300404 0.982407451
1341846333.629994 -0.651360631 0.257377386 0.660927653 0.063499488 0.172658980 0.002328911 0.982929945
1341846333.662127 -0.651413143 0.256063998 0.659109771 0.060144607 0.171641812 0.002146949 0.983319402
1341846333.697964 -0.648337662 0.247534990 0.657790840 0.057949521 0.171311930 0.003659669 0.983504295
1341846333.730092 -0.650122464 0.246774137 0.655398726 0.060601719 0.171686023 0.004195363 0.983277023
1341846333.762089 -0.650112450 0.249073952 0.650514841 0.062547721 0.171753377 0.005561121 0.983136654
1341846333.798006 -0.651267469 0.246500552 0.648315609 0.063704252 0.172336087 0.004952437 0.982963622
1341846333.830055 -0.654798806 0.248618484 0.643358052 0.066394575 0.173860937 0.002518816 0.982526243
1341846333.866045 -0.657496154 0.248615518 0.640522122 0.067032054 0.175227880 0.001096701 0.982242703
1341846333.897987 -0.662776411 0.243775249 0.636737347 0.068100363 0.175584987 -0.000003027 0.982106030
1341846333.930099 -0.665134370 0.241410673 0.631345034 0.070520841 0.176563188 -0.001799403 0.981758118
1341846333.965889 -0.670781732 0.242482424 0.626069307 0.072899327 0.177701935 -0.002146789 0.981378198
1341846333.997985 -0.670658886 0.239791960 0.621568680 0.075086020 0.178203046 -0.002986470 0.981120229
1341846334.030076 -0.687641442 0.240386233 0.618244648 0.077987388 0.181462854 -0.003172597 0.980295420
1341846334.066000 -0.694710910 0.240992486 0.615712047 0.079935029 0.181566551 -0.001558793 0.980123222
1341846334.097932 -0.686958373 0.239848450 0.604316652 0.081517763 0.179722235 -0.001749028 0.980332434
1341846334.133884 -0.691917479 0.242024496 0.599626064 0.083482422 0.180639222 -0.001796448 0.979998410
1341846334.166115 -0.700335324 0.243862823 0.595415235 0.083980709 0.179686740 -0.001568327 0.980131328
1341846334.198072 -0.701419353 0.243591651 0.589404523 0.084238075 0.177886903 -0.002255939 0.980436206
1341846334.234097 -0.700717032 0.244693443 0.583393931 0.084526792 0.177994758 -0.003101155 0.980389476
1341846334.266045 -0.711304903 0.242220998 0.575770915 0.084250465 0.180293739 -0.002870484 0.979993761
1341846334.297946 -0.718798876 0.242347524 0.572668552 0.085527681 0.178916156 -0.001623100 0.980138421
1341846334.334036 -0.720146120 0.245474100 0.565654457 0.086281978 0.177016467 -0.001205095 0.980417848
1341846334.365871 -0.723965704 0.248203471 0.559116602 0.085798673 0.177388579 -0.003099519 0.980388820
1341846334.401845 -0.729125321 0.247557238 0.554612815 0.084156252 0.178397641 -0.004113637 0.980344355
1341846334.433864 -0.737911761 0.243416205 0.548867941 0.084013715 0.177599415 -0.003214490 0.980504870
1341846334.466105 -0.740559459 0.248319119 0.538413584 0.085062310 0.175733283 -0.002513707 0.980752707
1341846334.502142 -0.749304831 0.251877308 0.535066783 0.084225722 0.175108448 -0.001563548 0.980938613
1341846334.540153 -0.750649571 0.252837896 0.529209316 0.083771817 0.173642173 -0.002756754 0.981235504
1341846334.602351 -0.767596006 0.261085063 0.514625549 0.078150347 0.170979261 -0.008959133 0.982129514
1341846334.670161 -0.776492774 0.252420306 0.504846931 0.071160197 0.168940380 -0.015048457 0.982938886
1341846334.702085 -0.787134290 0.252022833 0.498224139 0.070180826 0.167252526 -0.014573084 0.983305097
1341846334.734751 -0.790013254 0.249695495 0.492398798 0.070233963 0.164804757 -0.013133317 0.983734787
1341846334.770889 -0.795156658 0.251310647 0.482899547 0.070608191 0.162852645 -0.010622531 0.984063327
1341846334.802194 -0.805202365 0.254869968 0.473503411 0.070511773 0.160842583 -0.009996658 0.984407365
1341846334.833908 -0.804355383 0.255966336 0.464707762 0.069636270 0.158889696 -0.011520566 0.984770119
1341846334.869874 -0.810475349 0.257851005 0.456907034 0.068249524 0.158691898 -0.011676563 0.984897196
1341846334.902006 -0.821222544 0.257212192 0.447418809 0.066611357 0.157320037 -0.010655781 0.985240996
1341846334.938010 -0.817874193 0.259745985 0.434718728 0.066377714 0.153048366 -0.010692857 0.985928893
1341846334.970032 -0.814092100 0.261081010 0.425701439 0.066364557 0.151455075 -0.011367334 0.986168265
1341846335.002203 -0.830166936 0.255827606 0.420879424 0.067553550 0.153234392 -0.010248740 0.985824883
1341846335.037880 -0.841443241 0.258246988 0.412326097 0.070396908 0.150434121 -0.008454416 0.986074209
1341846335.069990 -0.839939833 0.261156321 0.403893292 0.070635885 0.147162125 -0.009238215 0.986543715
1341846335.106038 -0.840918064 0.259483218 0.398146003 0.070606224 0.148327842 -0.011336226 0.986349344
1341846335.138045 -0.849838197 0.259344906 0.390314460 0.072169259 0.149697676 -0.011638736 0.986025751
1341846335.169900 -0.859377205 0.264540553 0.377055824 0.072421938 0.147172719 -0.012271795 0.986379564
1341846335.206091 -0.858145058 0.265483886 0.368844718 0.071454473 0.144995779 -0.014279391 0.986745477
1341846335.239365 -0.859961271 0.259732574 0.361756325 0.070516109 0.146172315 -0.016938007 0.986597300
1341846335.269948 -0.868732274 0.261154979 0.352676898 0.072153628 0.147806123 -0.017928360 0.986217916
1341846335.305972 -0.877974868 0.260348052 0.341071218 0.073825173 0.146522418 -0.017340465 0.986296296
1341846335.338012 -0.877519965 0.260738283 0.332910627 0.075429976 0.144713491 -0.016212061 0.986461103
1341846335.374005 -0.876906097 0.254106611 0.317393482 0.079452880 0.145980686 -0.016299464 0.985956967
1341846335.406025 -0.883243382 0.252564579 0.311714053 0.086301163 0.148512214 -0.015065209 0.985022485
1341846335.438079 -0.887300432 0.261441767 0.301856339 0.092379451 0.148753539 -0.012747101 0.984467328
1341846335.473998 -0.889815211 0.268722147 0.293164492 0.095128149 0.150323704 -0.012439094 0.983970881
1341846335.507038 -0.894547164 0.273693562 0.284043729 0.095989890 0.153095156 -0.014480284 0.983431816
1341846335.538040 -0.902482450 0.279886872 0.278386354 0.095452242 0.156004697 -0.016200453 0.982999980
1341846335.574119 -0.913005233 0.286444098 0.268380553 0.093328148 0.156391263 -0.015998939 0.983145773
1341846335.605970 -0.913442373 0.278345555 0.262279898 0.091115646 0.155419201 -0.015974723 0.983507812
1341846335.641978 -0.912659049 0.280408859 0.246856183 0.092062101 0.155997023 -0.017966054 0.983293831
1341846335.673993 -0.921312511 0.283604920 0.243968040 0.091821425 0.157340363 -0.018794194 0.983086765
1341846335.706178 -0.928724051 0.284554809 0.233917683 0.091455147 0.156103835 -0.018004861 0.983332813
1341846335.741982 -0.928043425 0.282299101 0.221072271 0.091238014 0.155315906 -0.018116456 0.983475685
1341846335.773960 -0.934092402 0.287956506 0.211246639 0.091630027 0.156065658 -0.018556399 0.983312309
1341846335.806271 -0.940559089 0.296244711 0.202604041 0.090019450 0.155652881 -0.018484307 0.983527839
1341846335.842031 -0.940886855 0.290286541 0.193483040 0.087540694 0.156183422 -0.017360002 0.983687937
1341846335.873966 -0.945097327 0.289339840 0.185343280 0.088296570 0.157801807 -0.018454388 0.983342111
1341846335.910005 -0.956999660 0.297181934 0.174923852 0.088615336 0.158071041 -0.016525909 0.983304501
1341846335.941936 -0.963366270 0.297212303 0.165020198 0.087547198 0.156293437 -0.015596047 0.983699501
1341846335.974198 -0.963548481 0.297421426 0.159031734 0.086948887 0.155318752 -0.017765244 0.983870149
1341846336.010032 -0.969636798 0.300562143 0.147976950 0.086601153 0.155460075 -0.019039884 0.983854592
1341846336.042129 -0.979356825 0.302151263 0.140705317 0.085828565 0.154565111 -0.018378645 0.984075904
1341846336.078076 -0.981651902 0.300341725 0.132699162 0.085458979 0.152450010 -0.018957276 0.984426975
1341846336.110739 -0.982395828 0.303454041 0.129802436 0.085994631 0.152241156 -0.020647373 0.984378636
1341846336.142002 -0.994055569 0.303149462 0.118363038 0.085706569 0.152613595 -0.019479802 0.984369874
1341846336.183953 -1.002604723 0.308372408 0.108880550 0.085689880 0.150310129 -0.019000549 0.984735012
1341846336.241891 -1.002405405 0.309715420 0.104079157 0.083745338 0.149188608 -0.018891754 0.985074937
1341846336.277946 -1.013374686 0.302867800 0.093248919 0.083828636 0.149868459 -0.017145194 0.984996617
1341846336.309977 -1.019840717 0.304702640 0.090253145 0.087019391 0.147529170 -0.015144536 0.985105813
1341846336.346143 -1.022813916 0.310736477 0.080231935 0.089198388 0.146053374 -0.014375502 0.985142350
1341846336.377975 -1.023769021 0.311005503 0.075124234 0.089852311 0.146053344 -0.015208751 0.985070407
1341846336.410032 -1.029254317 0.315659314 0.066080719 0.090984561 0.146684691 -0.015015916 0.984875619
1341846336.446041 -1.035408616 0.321035922 0.054676294 0.090746813 0.146294743 -0.015170555 0.984953165
1341846336.477990 -1.036172152 0.318105161 0.048213273 0.089401230 0.146157295 -0.015365788 0.985093594
1341846336.510056 -1.039313436 0.316990197 0.045106649 0.089672923 0.146883771 -0.014939490 0.984967411
1341846336.546024 -1.044887781 0.317954898 0.039282501 0.091047190 0.147010118 -0.013366275 0.984845042
1341846336.578003 -1.050206900 0.326025009 0.033444583 0.091383457 0.146749005 -0.011783933 0.984873056
1341846336.614020 -1.045481801 0.326765686 0.029787630 0.090677559 0.146866247 -0.012372739 0.984913588
1341846336.645982 -1.054404616 0.332924664 0.022792429 0.089776091 0.148585841 -0.012623985 0.984735072
1341846336.678036 -1.063255072 0.327787161 0.020010442 0.087634273 0.147166342 -0.012098104 0.985147715
1341846336.714024 -1.064945221 0.321374476 0.021252781 0.088761404 0.144985184 -0.012779328 0.985361576
1341846336.746016 -1.071445346 0.315764427 0.013779581 0.092229687 0.142944530 -0.011475564 0.985357225
1341846336.778014 -1.078800917 0.327347517 0.003004372 0.095871955 0.139057800 -0.008905137 0.985592306
1341846336.820006 -1.078693509 0.333177686 0.003173470 0.097017094 0.135032147 -0.006672569 0.986057520
1341846336.882056 -1.087568760 0.330277741 -0.005390793 0.099124789 0.133068070 -0.008278208 0.986102760
1341846336.914273 -1.092662811 0.321832031 -0.018198669 0.100881889 0.128389448 -0.005920367 0.986561656
1341846336.945998 -1.093458533 0.319948018 -0.023336679 0.107078992 0.121416889 -0.006117271 0.986790061
1341846336.981980 -1.095965862 0.346322089 -0.030427426 0.111331686 0.117387779 -0.008399402 0.986790180
1341846337.014238 -1.097934365 0.352563679 -0.033073008 0.108426511 0.114843689 -0.010083405 0.987397075
1341846337.046017 -1.092358470 0.346173227 -0.032811016 0.104863748 0.113432266 -0.014001075 0.987897098
1341846337.082104 -1.102122188 0.347589374 -0.039176047 0.103807487 0.114234976 -0.017213382 0.987865388
1341846337.114317 -1.107198358 0.347286999 -0.037865907 0.101951249 0.112269916 -0.017326737 0.988281965
1341846337.150037 -1.101160169 0.346537799 -0.041186124 0.099988341 0.110047877 -0.018421348 0.988712490
1341846337.181873 -1.097012877 0.344958663 -0.041411430 0.099018291 0.110046677 -0.021206750 0.988754451
1341846337.214073 -1.104059815 0.357584298 -0.046932757 0.097102858 0.112150952 -0.023264762 0.988661706
1341846337.250087 -1.114132762 0.342219055 -0.051178426 0.093662933 0.111169651 -0.021379070 0.989146888
1341846337.282028 -1.115446329 0.344117999 -0.045126230 0.095425233 0.106972933 -0.018648604 0.989496350
1341846337.317920 -1.103644013 0.350544333 -0.053023696 0.095389225 0.104676209 -0.018191468 0.989753962
1341846337.350018 -1.107793331 0.356021225 -0.057029516 0.094170317 0.105417386 -0.017778378 0.989799500
1341846337.382159 -1.104320407 0.349064440 -0.058405221 0.090707928 0.105619006 -0.018815983 0.990082145
1341846337.417941 -1.111870646 0.339992881 -0.060277879 0.091170050 0.106710538 -0.018840471 0.989922166
1341846337.450137 -1.115669966 0.352748662 -0.065079957 0.092418969 0.105030529 -0.018593522 0.989990711
1341846337.482096 -1.111863136 0.346616477 -0.064922929 0.090707578 0.104323208 -0.017033884 0.990251839
1341846337.518008 -1.112807751 0.343463540 -0.067085028 0.091457590 0.104020625 -0.017453937 0.990207374
1341846337.549978 -1.114587903 0.357137948 -0.069977045 0.092209809 0.103433251 -0.019380692 0.990163267
1341846337.585971 -1.113389611 0.351200223 -0.067362458 0.088997066 0.103133410 -0.019651229 0.990483105
1341846337.617903 -1.109236002 0.333429128 -0.063010722 0.089372121 0.102274068 -0.019351995 0.990544379
1341846337.650141 -1.110283136 0.348586917 -0.072401583 0.092506759 0.101962291 -0.020622354 0.990263045
1341846337.686352 -1.110539079 0.353919744 -0.069160670 0.091110885 0.102219298 -0.019876113 0.990381241
1341846337.718002 -1.105606079 0.347571164 -0.066386729 0.089029245 0.102390416 -0.019028638 0.990569472
1341846337.749920 -1.101880789 0.352146327 -0.064371049 0.088910557 0.104289554 -0.020075668 0.990361333
1341846337.786157 -1.103331089 0.360888481 -0.057713628 0.086472861 0.107414976 -0.019801626 0.990248621
1341846337.817945 -1.096034884 0.351844758 -0.052957177 0.084077686 0.109023184 -0.017400298 0.990324259
1341846337.854071 -1.094280601 0.359952718 -0.042545050 0.083514348 0.112310052 -0.018051671 0.989992917
1341846337.885951 -1.095373750 0.365379751 -0.039108932 0.080418549 0.115059786 -0.018955467 0.989916563
1341846337.918223 -1.096776962 0.362602115 -0.044580251 0.075537927 0.116935112 -0.021552579 0.990028083
1341846337.954120 -1.087275624 0.358544409 -0.033655196 0.073205680 0.117831111 -0.020944377 0.990110159
1341846337.985994 -1.083739400 0.367297769 -0.031239420 0.071093313 0.118704364 -0.020636482 0.990166247
1341846338.018107 -1.076956749 0.361329794 -0.023147821 0.067668743 0.120164037 -0.018586079 0.990270734
1341846338.054055 -1.077548981 0.364855647 -0.022314519 0.065283790 0.121886857 -0.019155880 0.990209401
1341846338.085986 -1.070649505 0.363482386 -0.013993323 0.062047184 0.125062361 -0.019049149 0.990023613
1341846338.121875 -1.067863345 0.356310219 -0.005333900 0.060023844 0.127062470 -0.016561972 0.989938378
1341846338.154089 -1.068471551 0.356244385 0.000724763 0.059717230 0.127729580 -0.013277969 0.989920557
1341846338.186029 -1.066568613 0.356213510 0.007094949 0.058887199 0.127520710 -0.010950676 0.990025699
1341846338.222071 -1.049514174 0.357031882 0.014511794 0.057672262 0.127451330 -0.010164002 0.990114510
1341846338.254107 -1.056897998 0.355829030 0.021530628 0.056126393 0.130294740 -0.010599764 0.989828646
1341846338.290130 -1.047027946 0.352201790 0.034045070 0.056703210 0.129535422 -0.008162085 0.989918530
1341846338.321952 -1.048425555 0.355309248 0.038165092 0.057195567 0.130817443 -0.006638595 0.989732981
1341846338.354022 -1.040925860 0.352534801 0.047244489 0.056515004 0.130968183 -0.005980333 0.989756346
1341846338.389969 -1.038015962 0.359548599 0.056645393 0.056729864 0.131966248 -0.005801314 0.989612520
1341846338.422377 -1.040407896 0.355005503 0.057385281 0.054336894 0.132794157 -0.005453784 0.989638031
1341846338.454010 -1.034749269 0.357931882 0.072550640 0.053659383 0.132417068 -0.006577348 0.989718676
1341846338.489894 -1.026988387 0.352769673 0.084941521 0.051817037 0.131665751 -0.006003011 0.989920735
1341846338.522066 -1.018414497 0.348179460 0.094751731 0.052169986 0.131584555 -0.006229165 0.989911616
1341846338.558058 -1.018490791 0.358023196 0.099070668 0.052153502 0.131808072 -0.007054034 0.989877164
1341846338.589842 -1.008499026 0.355048746 0.112378702 0.050032340 0.131181926 -0.006790458 0.990071654
1341846338.622019 -1.001109481 0.348852634 0.122089773 0.050692245 0.131914377 -0.005166936 0.989950597
1341846338.657984 -1.004537225 0.357083112 0.127718613 0.051831055 0.132211030 -0.003859696 0.989858031
1341846338.690198 -0.995262146 0.358139962 0.136022091 0.049811043 0.131172419 -0.004223448 0.990098417
1341846338.722454 -0.983625889 0.350397587 0.144720688 0.048780769 0.131445780 -0.003069923 0.990117669
1341846338.757945 -0.993156672 0.356152296 0.151683867 0.049564794 0.132520780 -0.001715597 0.989938676
1341846338.790039 -0.982768774 0.355820239 0.169528842 0.047684055 0.130216137 -0.001196129 0.990337610
1341846338.826048 -0.966928542 0.351137072 0.176552191 0.047547448 0.129946560 -0.002222053 0.990377784
1341846338.858027 -0.972940564 0.357230127 0.180102259 0.047682568 0.132489905 -0.003864158 0.990029216
1341846338.889902 -0.964532197 0.357439399 0.193244889 0.045241777 0.131256133 -0.003615627 0.990309000
1341846338.925948 -0.955430090 0.351970345 0.201788276 0.043913584 0.131538108 -0.005112007 0.990324795
1341846338.958108 -0.949612737 0.351564407 0.210061371 0.044301815 0.133323207 -0.005744584 0.990065277
1341846338.990057 -0.944786251 0.348664403 0.222679749 0.044630218 0.133367240 -0.004922209 0.990049064
1341846339.025928 -0.933320880 0.347560585 0.236312568 0.046720784 0.133713633 -0.004997424 0.989905477
1341846339.057939 -0.930330634 0.352534294 0.245418936 0.050116785 0.136413038 -0.005515247 0.989368141
1341846339.093927 -0.939143896 0.358508617 0.251241624 0.049285904 0.136959717 -0.004783566 0.989338160
1341846339.126562 -0.925350547 0.360373586 0.258456081 0.046119414 0.135116860 -0.005251572 0.989741802
1341846339.157969 -0.913845837 0.358196795 0.270170271 0.043527905 0.137327984 -0.006307968 0.989548683
1341846339.194113 -0.916991591 0.360252291 0.279889256 0.041797940 0.138968557 -0.004750608 0.989402890
1341846339.228165 -0.912811875 0.363641262 0.285865366 0.038888235 0.136811107 -0.002217598 0.989831030
1341846339.257998 -0.898939848 0.357680649 0.300728947 0.036030501 0.136882275 -0.001090232 0.989931226
1341846339.294132 -0.895664632 0.361321241 0.309200287 0.036485292 0.139492676 -0.000300244 0.989550650
1341846339.326577 -0.906502485 0.373453081 0.308414161 0.034265596 0.138841152 0.002051789 0.989719570
1341846339.362269 -0.888490736 0.362582982 0.317064226 0.028459501 0.135428444 0.001396620 0.990377307
1341846339.394725 -0.877684653 0.364821374 0.328742683 0.028059326 0.136890799 0.001041401 0.990188122
1341846339.462186 -0.868353248 0.361568898 0.342733622 0.024199152 0.136047944 0.001404868 0.990405679
1341846339.496743 -0.860403240 0.362831891 0.342531264 0.026955338 0.139235049 -0.001240318 0.989891648
1341846339.562052 -0.849981010 0.354242116 0.364789248 0.027986525 0.142248601 0.000967482 0.989434779
1341846339.595122 -0.838090777 0.358353078 0.371519506 0.030561140 0.142091706 0.000316625 0.989381552
1341846339.632085 -0.833486736 0.358969331 0.378909737 0.031516597 0.146070614 -0.002279702 0.988769412
1341846339.664568 -0.826360643 0.355388731 0.385846645 0.031179082 0.148322806 -0.003855212 0.988439858
1341846339.698896 -0.822102547 0.349422544 0.393467426 0.030431850 0.149378553 -0.003917551 0.988303900
1341846339.731977 -0.818058670 0.349950880 0.399311543 0.030713346 0.149728581 -0.005846563 0.988232732
1341846339.762241 -0.811627269 0.347253919 0.407849073 0.030817620 0.150907606 -0.005926558 0.988049626
1341846339.797873 -0.808845520 0.343508929 0.413172305 0.030570317 0.151181906 -0.004213090 0.988024175
1341846339.830245 -0.801668286 0.341183633 0.420050621 0.030362988 0.150432393 -0.004020054 0.988145709
1341846339.862015 -0.797888219 0.343302965 0.426581621 0.030298887 0.150643319 -0.004526159 0.988113403
1341846339.897797 -0.791383326 0.343762994 0.434635937 0.029563846 0.151862785 -0.005629438 0.987943292
1341846339.929916 -0.786294878 0.336344808 0.439031333 0.028512781 0.152504772 -0.002824666 0.987887323
1341846339.961960 -0.782244444 0.334441304 0.446429253 0.029997176 0.151829153 -0.001959303 0.987949491
1341846339.997845 -0.772672594 0.333652854 0.445317090 0.031306386 0.151871562 -0.001342694 0.987903416
1341846340.029925 -0.767529666 0.332888335 0.455611110 0.032511789 0.154170901 -0.000532107 0.987509012
1341846340.066044 -0.765831351 0.329069495 0.454383731 0.034290634 0.155388147 0.000701640 0.987257898
1341846340.098009 -0.765036106 0.331451923 0.463805377 0.035603609 0.156382740 0.000943961 0.987054169
1341846340.130102 -0.759501278 0.330958575 0.470959187 0.034890011 0.156107232 0.000125289 0.987123668
1341846340.166041 -0.751039386 0.328163236 0.474638253 0.035427358 0.158011183 -0.001656372 0.986800194
1341846340.197867 -0.748654783 0.330429673 0.481932849 0.036887471 0.160381779 -0.001652572 0.986364186
1341846340.229904 -0.747764289 0.330353230 0.483815461 0.035565026 0.160323650 -0.001703406 0.986422062
1341846340.265859 -0.741152048 0.325029820 0.490535915 0.034446873 0.161279410 -0.002438245 0.986304402
1341846340.298061 -0.736379921 0.327963829 0.498089969 0.037247799 0.163597494 -0.002556602 0.985820413
1341846340.334063 -0.738775790 0.332328469 0.505030513 0.036945596 0.163306043 -0.000463512 0.985883296
1341846340.366064 -0.733550072 0.326995581 0.509683311 0.034762472 0.161378235 -0.001705802 0.986278713
1341846340.397995 -0.729462624 0.325579852 0.511267364 0.036435399 0.161853477 -0.002342585 0.986139119
1341846340.433895 -0.725693166 0.324345052 0.517089486 0.037005715 0.161334932 -0.000943328 0.986205220
1341846340.465959 -0.725561500 0.325098336 0.518240929 0.038040079 0.159047157 0.000152945 0.986537814
1341846340.501858 -0.718629122 0.323449790 0.518078387 0.038527109 0.155115470 0.000086025 0.987144768
1341846340.534329 -0.715928972 0.326375216 0.516158044 0.039333053 0.153694451 -0.000508828 0.987335145
1341846340.566041 -0.711109221 0.321965575 0.517500401 0.040354926 0.152499244 0.000373442 0.987479270
1341846340.601909 -0.707764149 0.321879804 0.514353037 0.042764563 0.151773855 0.000145222 0.987489700
1341846340.634005 -0.708626390 0.326026201 0.508636951 0.043795723 0.151483402 -0.001255000 0.987488270
1341846340.666028 -0.703902185 0.324059188 0.509395003 0.043059893 0.151703507 -0.003583366 0.987481177
1341846340.701946 -0.698509932 0.321682990 0.502243161 0.044350822 0.152322292 -0.005301353 0.987321019
1341846340.733954 -0.695561290 0.321823120 0.496040463 0.044914961 0.153578162 -0.006743399 0.987092137
1341846340.770081 -0.702409685 0.325079590 0.501159310 0.044095758 0.155653998 -0.010135728 0.986774862
1341846340.801980 -0.694469333 0.322818041 0.498244524 0.043371275 0.155520841 -0.014203956 0.986777782
1341846340.833999 -0.689901471 0.327264547 0.491054803 0.042936876 0.157183215 -0.018304212 0.986465812
1341846340.870013 -0.694505692 0.325820118 0.496927023 0.041249417 0.158184797 -0.020004356 0.986344695
1341846340.901955 -0.693292439 0.323202491 0.496854484 0.042021967 0.157757342 -0.020325935 0.986373961
1341846340.933918 -0.695568800 0.323329568 0.493383825 0.044192072 0.157068178 -0.017779037 0.986438334
1341846340.970122 -0.698432922 0.325293064 0.489606172 0.046321530 0.154148966 -0.013247401 0.986872315
1341846341.001922 -0.699085057 0.321904361 0.484986156 0.047833022 0.149564549 -0.007982986 0.987562001
1341846341.037923 -0.697419941 0.323493123 0.480800629 0.049585525 0.147013009 -0.006266453 0.987871051
1341846341.070300 -0.699166417 0.324788421 0.477251351 0.050178666 0.146345437 -0.006574577 0.987938166
1341846341.102028 -0.702172756 0.323610485 0.474794865 0.049841229 0.145019025 -0.006059948 0.988154113
1341846341.137982 -0.700183690 0.322636753 0.470332801 0.049844339 0.142578885 -0.005721310 0.988511026
1341846341.170048 -0.700627327 0.321328819 0.472536445 0.050456896 0.142576158 -0.005429830 0.988481998
1341846341.202110 -0.701452971 0.321462005 0.470210373 0.052258555 0.142070547 -0.003653466 0.988469362
1341846341.237996 -0.700349987 0.322456151 0.467758834 0.054179866 0.142199621 -0.003727783 0.988347054
1341846341.269883 -0.702415645 0.324836135 0.464070857 0.055608585 0.142529860 -0.003021939 0.988222539
1341846341.306107 -0.704339802 0.323952585 0.461693943 0.055838872 0.142143115 -0.004055242 0.988261580
1341846341.338109 -0.704479039 0.323576719 0.458997488 0.056314789 0.142631143 -0.006358549 0.988152087
1341846341.370120 -0.703636050 0.322797954 0.456909537 0.056332715 0.143758267 -0.008697908 0.987969875
1341846341.406074 -0.706425846 0.322074920 0.458371878 0.056281757 0.144301727 -0.009013885 0.987890780
1341846341.438113 -0.711015046 0.319386572 0.457697809 0.057308536 0.143021122 -0.009420724 0.988014162
1341846341.470024 -0.705225587 0.320056856 0.452052832 0.059738383 0.142178059 -0.011809868 0.987966239
1341846341.506077 -0.712569356 0.327314526 0.455993652 0.060158029 0.144097850 -0.013309274 0.987643480
1341846341.538156 -0.719032168 0.324339002 0.459351838 0.059069186 0.143032297 -0.012498327 0.987874687
1341846341.574016 -0.711311162 0.322582781 0.455133080 0.059953503 0.139573917 -0.011398744 0.988329291
1341846341.612466 -0.716213465 0.326289773 0.454154491 0.060794085 0.139634490 -0.011430922 0.988269031
1341846341.643972 -0.716852188 0.327432126 0.455411315 0.059792366 0.138140395 -0.011972387 0.988533616
1341846341.679982 -0.718878210 0.324714452 0.453468978 0.059235666 0.136823833 -0.011305752 0.988758087
1341846341.712332 -0.724343002 0.326624453 0.450537741 0.060520466 0.135101736 -0.009114783 0.988939703
1341846341.744185 -0.719369113 0.324630260 0.450947016 0.061086453 0.132299274 -0.006766011 0.989302576
1341846341.780061 -0.720835507 0.326653838 0.448619783 0.061785799 0.131850421 -0.005455662 0.989327133
1341846341.842595 -0.718458891 0.319423020 0.441334188 0.064037189 0.130431592 -0.001190236 0.989386380
1341846341.906227 -0.718335330 0.317140013 0.433262050 0.067840137 0.129210413 0.003507787 0.989287674
1341846341.942069 -0.718881547 0.313165963 0.430386990 0.071166068 0.129153699 0.004376054 0.989057899
1341846341.974775 -0.719063580 0.314245641 0.429947227 0.074717052 0.128816217 0.005462688 0.988834620
1341846342.010161 -0.724522531 0.317761838 0.429232031 0.075992845 0.127983272 0.007256403 0.988834023
1341846342.042024 -0.717585802 0.307283282 0.425765365 0.076579802 0.126576945 0.006888413 0.988972366
1341846342.080032 -0.716409981 0.313189685 0.418990493 0.079312287 0.128339231 0.007122394 0.988528132
1341846342.112265 -0.717203856 0.307772487 0.417038083 0.079375990 0.128685206 0.009659281 0.988456488
1341846342.147954 -0.715790272 0.303413421 0.413599223 0.081595667 0.127111524 0.011467728 0.988460064
1341846342.179852 -0.713372588 0.306568325 0.411908865 0.085093707 0.127340779 0.011992163 0.988129318
1341846342.211848 -0.717695057 0.309264839 0.416465461 0.086004421 0.128693104 0.011140059 0.987885237
1341846342.247920 -0.718654573 0.305296779 0.415177107 0.086372092 0.129064962 0.009843815 0.987818420
1341846342.279870 -0.716968715 0.306443989 0.413850635 0.088146172 0.129179314 0.010449615 0.987640500
1341846342.316068 -0.716472149 0.307429731 0.410492003 0.089655869 0.129081592 0.010963285 0.987511814
1341846342.347894 -0.715144813 0.309359133 0.408067346 0.090191826 0.128864154 0.011107505 0.987489760
1341846342.379953 -0.714086711 0.306796104 0.408116519 0.090055510 0.129304126 0.011366528 0.987441778
1341846342.416195 -0.715742111 0.307716340 0.411239326 0.090939432 0.129820794 0.011990486 0.987285614
